70.0,1.0,9.0,2.0800318927686594,2.0
46.0,1.0,18.0,4.351779629995216,2.0
61.0,1.0,9.0,4.717184790304856,2.0
16.0,1.0,9.0,-4.096934757736866,2.0
75.0,1.0,5.0,3.2890076231634935,2.0
6.0,4.0,1.0,5.0,9.0,18.0,-3.115579679011618,3.2721782443757292,4.702386553170644,1.2841442327915478,2.0,2.0,2.0,2.0
86.0,1.0,79.0,-2.6954201942327187,2.0
17.0,1.0,9.0,-2.824601328866194,2.0
60.0,1.0,18.0,3.303785982224717,2.0
91.0,1.0,9.0,-3.64069414997074,2.0
8.0,4.0,1.0,5.0,9.0,18.0,-4.480048592987277,4.914473368931056,4.196634256866894,2.8459174490117274,2.0,2.0,2.0,2.0
69.0,1.0,9.0,-3.7112661471849204,2.0
34.0,1.0,9.0,-2.4548430837704904,2.0
23.0,1.0,9.0,4.774992314058497,2.0
96.0,1.0,9.0,-3.2798596428050595,2.0
19.0,1.0,18.0,3.273735795474594,2.0
80.0,1.0,79.0,-4.255191278809908,2.0
67.0,1.0,5.0,4.315760116869452,2.0
15.0,1.0,9.0,2.058222448418508,2.0
26.0,1.0,18.0,2.748127815197366,2.0
42.0,1.0,18.0,1.5527318053944552,2.0
84.0,2.0,9.0,97.0,-3.901017119278562,3.005297527706809,2.0,2.0
77.0,2.0,1.0,77.0,-2.7885015144705094,-4.385634689884512,2.0,2.0
66.0,1.0,9.0,-1.0804301847499742,2.0
87.0,1.0,5.0,3.4255728565116974,2.0
94.0,1.0,79.0,-1.541896256889801,2.0
56.0,2.0,18.0,79.0,3.7698884774800794,3.2664058168263006,2.0,2.0
22.0,1.0,18.0,3.4677359874990277,2.0
62.0,2.0,9.0,62.0,-2.2742758098052946,-3.6696415198547268,2.0,2.0
85.0,2.0,1.0,79.0,4.824334538892895,-3.5759607969185496,2.0,2.0
76.0,2.0,18.0,79.0,1.8923265305624732,-4.81099604606794,2.0,2.0
63.0,2.0,18.0,79.0,1.5271914496175687,3.865308816474262,2.0,2.0
29.0,1.0,5.0,3.6670668617826707,2.0
59.0,1.0,5.0,1.3757620430337667,2.0
21.0,2.0,9.0,90.0,-3.4705419883035082,-3.4483828908896856,2.0,2.0
2.0,2.0,1.0,77.0,-2.694619197355619,-3.5835764522666245,2.0,2.0
11.0,3.0,5.0,9.0,90.0,1.4730977034757329,-3.5596840853100953,-1.5734131496361856,2.0,2.0,2.0
20.0,1.0,18.0,1.0751592017454206,2.0
53.0,4.0,1.0,5.0,9.0,18.0,-2.1312278503056383,1.4807862448526756,2.1845607900885797,1.4749108758169762,2.0,2.0,2.0,2.0
51.0,1.0,9.0,-3.9570543175932067,2.0
89.0,1.0,79.0,-2.2062992666981973,2.0
0.0,4.0,1.0,5.0,9.0,18.0,-3.195254015709299,3.860757465489678,3.4110535042865755,3.1795327319875875,2.0,2.0,2.0,2.0
40.0,1.0,9.0,-1.6358783345820789,2.0
44.0,1.0,5.0,2.4749006826438564,2.0
7.0,4.0,1.0,5.0,9.0,18.0,-1.3485171988061628,1.0808735897613029,4.330479382191752,4.1126270037994015,2.0,2.0,2.0,2.0
95.0,1.0,79.0,-2.193129303824123,2.0
28.0,1.0,9.0,1.2409018865170793,2.0
52.0,1.0,9.0,-1.1567511690172827,2.0
38.0,2.0,9.0,62.0,-3.6124333018615937,-2.0131664101591284,2.0,2.0
64.0,2.0,18.0,79.0,2.1576243717888044,1.7327654480284673,2.0,2.0
37.0,1.0,9.0,-1.645238071539985,2.0
25.0,1.0,18.0,2.438031602295144,2.0
72.0,2.0,5.0,79.0,-4.8487541804697525,-1.9950125740798321,2.0,2.0
10.0,1.0,9.0,-4.122116705145822,2.0
49.0,1.0,9.0,4.907044352761348,2.0
83.0,2.0,18.0,79.0,4.526941447419411,-3.7701263603110635,2.0,2.0
88.0,1.0,1.0,-1.076772793237334,2.0
74.0,1.0,18.0,3.368167725087356,2.0
35.0,1.0,5.0,3.2807870816715186,2.0
68.0,1.0,9.0,-1.0187819047701883,2.0
48.0,1.0,9.0,-2.8746048065908063,2.0
54.0,1.0,9.0,2.271932717575904,2.0
30.0,1.0,18.0,3.6825514784726376,2.0
78.0,2.0,9.0,82.0,3.7979171012700172,-2.1897478034205347,2.0,2.0
99.0,2.0,9.0,90.0,-3.6084130800067555,-2.725673741735896,2.0,2.0
82.0,1.0,5.0,-3.325091490543435,2.0
45.0,2.0,9.0,62.0,-4.28397291939174,-1.388405103172245,2.0,2.0
12.0,1.0,9.0,-4.778675668198336,2.0
43.0,1.0,9.0,-1.786329446720214,2.0
97.0,2.0,9.0,97.0,-3.363491044992693,3.2973009953983152,2.0,2.0
71.0,1.0,9.0,-3.9407760884903795,2.0
33.0,1.0,18.0,2.2617134036967355,2.0
98.0,1.0,18.0,3.6128032794285345,2.0
24.0,1.0,18.0,3.7272811964139336,2.0
50.0,1.0,18.0,3.419382078980184,2.0
55.0,2.0,9.0,97.0,-2.65705197805868,1.2565899853951374,2.0,2.0
57.0,1.0,5.0,2.0615579637577817,2.0
27.0,1.0,5.0,3.7905247837090594,2.0
31.0,1.0,18.0,1.8415302442953636,2.0
3.0,1.0,1.0,-2.75034884505077,2.0
32.0,1.0,18.0,1.5157051906194132,2.0
41.0,2.0,9.0,62.0,-1.4415005646572205,-3.6253183578610937,2.0,2.0
58.0,1.0,9.0,-3.0929922138667987,2.0
13.0,1.0,5.0,3.0873932870002867,2.0
14.0,1.0,9.0,-2.6586477599620943,2.0
36.0,4.0,1.0,5.0,9.0,18.0,-2.7544060538492814,4.953495352236905,1.4081792429921123,1.8355070243793388,2.0,2.0,2.0,2.0
47.0,2.0,18.0,79.0,1.3843936315758523,4.905837860053583,2.0,2.0
93.0,2.0,9.0,90.0,-3.472061715995366,-2.7150748037830645,2.0,2.0
73.0,1.0,5.0,3.3046293376713476,2.0
65.0,1.0,9.0,-3.3460517392403326,2.0
92.0,1.0,79.0,-2.1603104288417763,2.0
39.0,2.0,18.0,79.0,2.865243091425225,1.977702368006411,2.0,2.0
81.0,2.0,9.0,90.0,-2.5860229633879386,-4.524412788444646,2.0,2.0
4.0,4.0,1.0,5.0,9.0,18.0,-4.5670920031283195,4.854651042004117,2.533766075303111,4.166900152330658,2.0,2.0,2.0,2.0
