544.0,8.0,302.0,364.0,719.0,724.0,783.0,875.0,926.0,939.0,-1.92228515877528,-2.0748361150273973,-4.201022414334094,4.822273575921683,2.2662008401083464,4.307221081476303,1.4159633518849324,3.5359266120295327,2.0,2.0,2.0,2.0,2.0,2.0,2.0,2.0
590.0,1.0,586.0,3.484561301841533,2.0
695.0,3.0,618.0,685.0,703.0,-3.3588472719716926,-4.526269080289982,-4.716264629075072,2.0,2.0,2.0
855.0,3.0,783.0,926.0,939.0,3.8880981237347187,3.792465502827598,1.7053316298579566,2.0,2.0,2.0
203.0,1.0,188.0,-1.9976801642258049,2.0
479.0,2.0,465.0,783.0,1.7059975555562406,4.756643636349482,2.0,2.0
415.0,1.0,364.0,2.0276665747466764,2.0
18.0,2.0,4.0,26.0,4.914473368931056,4.196634256866894,2.0,2.0
112.0,3.0,83.0,104.0,107.0,1.052947431035598,2.3889340717288783,1.5925634437926601,2.0,2.0,2.0
1092.0,2.0,1088.0,1103.0,-1.307491975009519,3.7572027646210553,2.0,2.0
122.0,4.0,104.0,107.0,122.0,364.0,2.682157866720394,3.2294751652956677,-4.442204695315175,3.908177050845313,2.0,2.0,2.0,2.0
284.0,2.0,251.0,1077.0,-2.4717103221481653,2.8260795650506214,2.0,2.0
1161.0,1.0,1148.0,4.6179401048035995,2.0
1123.0,1.0,1122.0,-3.301586446643572,2.0
262.0,1.0,251.0,-4.54521866434624,2.0
118.0,2.0,83.0,104.0,4.096189330794555,2.3325806081145677,2.0,2.0
319.0,5.0,302.0,303.0,359.0,361.0,364.0,-1.0764915897947591,-3.0725992551646972,4.37110745073937,2.4928638229791766,-1.891455272059921,2.0,2.0,2.0,2.0,2.0
1187.0,1.0,1177.0,-2.0945532412000913,2.0
383.0,1.0,364.0,1.2542150993446337,2.0
425.0,1.0,364.0,3.3108376972673614,2.0
28.0,1.0,26.0,3.7272811964139336,2.0
634.0,2.0,618.0,636.0,-4.776810871655768,2.5864404485042587,2.0,2.0
1034.0,1.0,1020.0,4.535301785778232,2.0
903.0,5.0,783.0,910.0,926.0,939.0,1177.0,1.7044153511579845,2.2792293415842884,4.26730056591375,3.158146420438523,-1.1834014204091239,2.0,2.0,2.0,2.0,2.0
891.0,1.0,888.0,-2.3760407026034156,2.0
582.0,6.0,364.0,574.0,618.0,724.0,875.0,1020.0,-3.7005036552830277,1.0854347317533932,1.409267263550377,-2.168709460670088,-4.931960439831359,-1.55898311545982,2.0,2.0,2.0,2.0,2.0,2.0
998.0,3.0,926.0,939.0,1007.0,-1.0681193684504722,-2.5119058959315064,-4.915186150968596,2.0,2.0,2.0
802.0,1.0,783.0,1.5325927661430727,2.0
5.0,1.0,4.0,-2.694619197355619,2.0
330.0,3.0,257.0,302.0,442.0,4.708847229492472,-1.1158101961078422,4.582765164840813,2.0,2.0,2.0
500.0,3.0,250.0,783.0,1177.0,1.9747115011249288,-3.3545560011679463,-4.012960478368708,2.0,2.0,2.0
253.0,2.0,250.0,251.0,3.010883044581296,-4.6893919271865325,2.0,2.0
175.0,2.0,121.0,724.0,1.9309765171162274,-3.4578588259074974,2.0,2.0
404.0,1.0,364.0,1.020611857076093,2.0
340.0,2.0,257.0,364.0,-1.7143198722306252,3.4514670124679694,2.0,2.0
162.0,2.0,121.0,724.0,4.635374873650953,-4.262095275074275,2.0,2.0
516.0,2.0,302.0,1177.0,2.9350114588069447,-2.024455180080072,2.0,2.0
211.0,2.0,188.0,783.0,-3.9951530301605325,-1.9512289701561554,2.0,2.0
419.0,1.0,364.0,-2.3050785305974895,2.0
816.0,1.0,783.0,1.56363905664824,2.0
943.0,2.0,926.0,939.0,-1.4991857915772027,-3.320992666285202,2.0,2.0
493.0,2.0,364.0,465.0,3.3715210831246303,1.0402547826243733,2.0,2.0
1179.0,1.0,1177.0,-1.9534830709234798,2.0
919.0,5.0,888.0,910.0,926.0,939.0,1177.0,1.0423429583455737,4.85971177178212,4.848093013422895,1.8702088411201538,-1.1653854892662268,2.0,2.0,2.0,2.0,2.0
368.0,1.0,364.0,2.933574140809568,2.0
387.0,1.0,364.0,4.43335055453705,2.0
1111.0,2.0,1097.0,1148.0,3.0330855001847854,4.149865916723585,2.0,2.0
870.0,3.0,783.0,870.0,910.0,-1.1009273091512646,2.0862011600259027,2.8474137686477485,2.0,2.0,2.0
949.0,1.0,949.0,-4.961813237445941,2.0
437.0,2.0,302.0,449.0,-2.666767027634844,-4.243354460515805,2.0,2.0
679.0,5.0,302.0,611.0,633.0,688.0,713.0,-2.3604029844964445,-1.2743873390155374,-1.915630398897576,2.4319357474447854,2.7405679460653185,2.0,2.0,2.0,2.0,2.0
1041.0,1.0,1038.0,-1.0586632838882832,2.0
1104.0,2.0,1088.0,1103.0,-2.271491389196749,-3.4567000094553655,2.0,2.0
705.0,5.0,618.0,724.0,783.0,926.0,939.0,-4.842089592477324,-4.19581265603272,-1.3119712715032983,-4.219742288636509,-1.2663853289422047,2.0,2.0,2.0,2.0,2.0
410.0,1.0,364.0,4.748468167762071,2.0
741.0,3.0,724.0,783.0,790.0,-2.926213418512823,1.4387322484518341,2.286790473854489,2.0,2.0,2.0
1144.0,3.0,1133.0,1141.0,1145.0,1.7108663356650307,2.8596886747906494,-3.436317264142867,2.0,2.0,2.0
137.0,1.0,82.0,4.1991835382824725,2.0
413.0,2.0,364.0,724.0,-3.4008514725251757,4.85278918104152,2.0,2.0
797.0,1.0,783.0,2.77850144040968,2.0
506.0,2.0,302.0,783.0,1.5174230441547985,2.8858292774170615,2.0,2.0
746.0,2.0,719.0,756.0,1.9518901717385413,-4.047706045798396,2.0,2.0
366.0,1.0,364.0,1.9687143765043418,2.0
732.0,1.0,719.0,-1.8165771020549042,2.0
1115.0,2.0,1113.0,1148.0,3.693833934162523,-4.811747178244078,2.0,2.0
4.0,1.0,4.0,-3.1795327319875875,2.0
587.0,2.0,586.0,1148.0,-1.609457934605239,4.984285084040749,2.0,2.0
168.0,1.0,164.0,-2.4268275616101715,2.0
567.0,2.0,566.0,581.0,1.2507554480945622,-2.112466051059447,2.0,2.0
134.0,1.0,134.0,-2.483411196871555,2.0
331.0,1.0,302.0,-2.570275153848604,2.0
818.0,3.0,724.0,783.0,875.0,-4.266902748119565,3.4287225605207685,-4.829954173791398,2.0,2.0,2.0
602.0,2.0,574.0,618.0,2.4962505000293027,2.6551208794330643,2.0,2.0
880.0,2.0,880.0,1177.0,-1.3326590872324364,-4.899097690041826,2.0,2.0
781.0,2.0,719.0,910.0,-1.4051369878589686,2.9340026335358402,2.0,2.0
384.0,1.0,364.0,1.8330130084859353,2.0
16.0,2.0,4.0,80.0,-1.0808735897613029,-4.330479382191752,2.0,2.0
422.0,1.0,364.0,2.4293875187118177,2.0
311.0,3.0,257.0,302.0,364.0,-1.2801687605785785,-4.289626953422761,3.6136846444545476,2.0,2.0,2.0
935.0,3.0,926.0,939.0,949.0,3.749407181789095,4.204234844109576,3.0734656415486556,2.0,2.0,2.0
1094.0,2.0,1088.0,1103.0,-4.181011248896748,2.559145691148475,2.0,2.0
636.0,2.0,618.0,636.0,-2.8442008766096327,4.740642048311303,2.0,2.0
1157.0,1.0,1148.0,4.344070331090844,2.0
54.0,2.0,4.0,364.0,-1.3757620430337667,3.303785982224717,2.0,2.0
143.0,1.0,80.0,1.748523567003379,2.0
876.0,3.0,783.0,870.0,910.0,-4.116443976077422,4.220509940831351,4.076988476131022,2.0,2.0,2.0
101.0,1.0,82.0,1.3336897417680742,2.0
179.0,2.0,80.0,188.0,2.0127647748914077,-1.524220924861031,2.0,2.0
774.0,4.0,724.0,783.0,875.0,1177.0,1.1134517369203003,3.2369932001356294,4.497131099804921,-3.8189287776666805,2.0,2.0,2.0,2.0
1066.0,1.0,1064.0,-3.0321773554599467,2.0
309.0,3.0,257.0,302.0,364.0,-3.6855339146806125,-2.3788725095020307,3.8550674736400654,2.0,2.0,2.0
614.0,5.0,364.0,731.0,783.0,926.0,939.0,1.4044299622539653,-2.2735157466647062,1.6725684720912812,-3.2245327178018957,-2.272114523841546,2.0,2.0,2.0,2.0,2.0
833.0,1.0,783.0,4.932810953160472,2.0
1023.0,1.0,1020.0,-4.973620883290987,2.0
225.0,4.0,188.0,231.0,257.0,783.0,-2.821776597800108,2.6068541415183946,1.993653860331884,3.0234655353012334,2.0,2.0,2.0,2.0
791.0,1.0,783.0,-2.962196219175731,2.0
922.0,4.0,618.0,783.0,926.0,939.0,2.1071796058699963,-1.4941867397276374,-2.8521775260851654,-4.664203633099964,2.0,2.0,2.0,2.0
494.0,3.0,302.0,494.0,513.0,2.903304783428891,3.8350815637641946,-1.1759017280963624,2.0,2.0,2.0
1029.0,5.0,926.0,939.0,1020.0,1077.0,1177.0,1.7122635450228736,4.8917344691208555,2.35374967911499,3.4616936238535336,-4.514376950099808,2.0,2.0,2.0,2.0,2.0
512.0,4.0,302.0,618.0,719.0,783.0,-3.5068259038364196,3.9101744383629993,1.0970908184882449,2.7204639375069597,2.0,2.0,2.0,2.0
83.0,5.0,83.0,104.0,107.0,122.0,364.0,4.736855991699175,3.455863823863584,3.142531212099833,-3.359639905418284,3.9204881180670785,2.0,2.0,2.0,2.0,2.0
400.0,1.0,364.0,2.892571913862577,2.0
570.0,3.0,364.0,926.0,939.0,-3.344431766964579,3.2771476799371775,3.0483228636951383,2.0,2.0,2.0
119.0,1.0,113.0,-1.324405559951987,2.0
773.0,2.0,719.0,756.0,2.303419368015185,-3.0100375878792187,2.0,2.0
82.0,1.0,82.0,1.9515712854980345,2.0
22.0,2.0,4.0,364.0,-1.5734131496361856,4.778675668198336,2.0,2.0
66.0,4.0,26.0,64.0,80.0,618.0,3.7979171012700172,-2.1897478034205347,4.255191278809908,2.5860229633879386,2.0,2.0,2.0,2.0
279.0,1.0,257.0,2.3119520036323187,2.0
785.0,1.0,783.0,-2.7207234305562165,2.0
43.0,1.0,26.0,1.6358783345820789,2.0
513.0,2.0,302.0,513.0,3.608498379368556,-4.412983904634052,2.0,2.0
725.0,1.0,719.0,3.0617323467453295,2.0
655.0,2.0,618.0,655.0,-1.231637107585041,-2.165555282147611,2.0,2.0
117.0,4.0,80.0,83.0,104.0,107.0,4.448766069686734,4.891677956092521,4.843338632252001,4.626221996884716,2.0,2.0,2.0,2.0
93.0,1.0,83.0,1.853247909469928,2.0
79.0,3.0,79.0,82.0,108.0,1.2173519533570145,1.7999860995856003,1.0740871778424559,2.0,2.0,2.0
877.0,4.0,724.0,783.0,875.0,888.0,-3.147995564171317,4.915427924092224,2.584738239981282,3.4077747924524493,2.0,2.0,2.0,2.0
523.0,4.0,364.0,542.0,543.0,888.0,4.862066556549893,-4.436010558632234,-1.608108908838278,-1.002656874360818,2.0,2.0,2.0,2.0
647.0,2.0,618.0,724.0,-4.750652375858248,-2.220754810772116,2.0,2.0
854.0,3.0,783.0,870.0,910.0,-1.0191495409646887,3.2150642948243062,1.4555764192454537,2.0,2.0,2.0
1071.0,1.0,1069.0,-4.487873584600585,2.0
1116.0,1.0,1113.0,2.153394535513338,2.0
106.0,4.0,80.0,83.0,104.0,107.0,1.926806505884818,4.797275289662726,4.7655108188259945,4.196810349409567,2.0,2.0,2.0,2.0
141.0,1.0,104.0,2.5707027061883774,2.0
733.0,2.0,724.0,783.0,-2.0210580683681023,4.5384882273793705,2.0,2.0
181.0,1.0,82.0,1.4619371885549923,2.0
37.0,1.0,26.0,4.953495352236905,2.0
779.0,3.0,724.0,783.0,875.0,2.362418575537408,1.608188100177688,-4.136234457868616,2.0,2.0,2.0
55.0,1.0,51.0,4.717184790304856,2.0
635.0,5.0,611.0,633.0,926.0,939.0,1046.0,-1.4267297872108538,-2.6350953178793493,-2.1845110936587733,-2.9736278491567125,3.6281747076656927,2.0,2.0,2.0,2.0,2.0
151.0,1.0,104.0,4.616177571603831,2.0
1170.0,1.0,1148.0,1.536819789905219,2.0
293.0,1.0,251.0,-4.559174625782161,2.0
898.0,5.0,888.0,910.0,926.0,939.0,1177.0,2.3036957592859966,3.8334410681463873,2.571035783617891,1.1170837604041766,-2.739820876107512,2.0,2.0,2.0,2.0,2.0
50.0,1.0,26.0,3.419382078980184,2.0
150.0,1.0,135.0,-2.596101286812408,2.0
140.0,1.0,80.0,1.5154422618652807,2.0
145.0,1.0,107.0,3.1752238003093054,2.0
305.0,5.0,257.0,302.0,355.0,1133.0,1141.0,1.6761016245166451,-4.438323345678485,1.2341396889422351,2.8824836156722915,1.4633360052035411,2.0,2.0,2.0,2.0,2.0
314.0,4.0,257.0,302.0,926.0,939.0,1.1198012996189974,3.9490169703859093,1.4391378322500028,3.4252325321803405,2.0,2.0,2.0,2.0
13.0,1.0,4.0,-3.2721782443757292,2.0
603.0,4.0,79.0,586.0,618.0,783.0,3.745520920001892,-2.1835679055074944,-2.2131676856786644,-2.4235566185634725,2.0,2.0,2.0,2.0
81.0,8.0,51.0,71.0,79.0,121.0,302.0,364.0,618.0,783.0,1.8956987522415205,-2.381406722787611,4.7123251738623635,-3.817657607694131,-1.1273557181252314,-1.658776625991651,3.485913605999054,-3.3089143544166704,2.0,2.0,2.0,2.0,2.0,2.0,2.0,2.0
675.0,2.0,618.0,1030.0,-4.389230753334939,2.6578261392227187,2.0,2.0
133.0,2.0,83.0,104.0,3.350398540785556,2.091287609697868,2.0,2.0
1035.0,1.0,1030.0,4.413797333395829,2.0
669.0,6.0,364.0,618.0,724.0,783.0,926.0,939.0,3.233133696676994,-2.713514052423425,4.692636084694961,-1.4203787769959968,-4.930295554723651,-4.501805296373185,2.0,2.0,2.0,2.0,2.0,2.0
261.0,1.0,257.0,-1.6418705755504042,2.0
541.0,6.0,364.0,574.0,618.0,724.0,875.0,1020.0,-2.5881033291306963,2.1065989208367584,3.0253716772952166,-2.3995907220155157,-3.825642310668044,-1.0983080972278643,2.0,2.0,2.0,2.0,2.0,2.0
776.0,3.0,724.0,783.0,790.0,-4.297065878812914,3.430967389543404,2.951058237990827,2.0,2.0,2.0
967.0,2.0,926.0,939.0,-2.4444537465748413,-1.4032180675784822,2.0,2.0
264.0,1.0,257.0,4.631502377417304,2.0
421.0,2.0,302.0,783.0,2.7875078557847965,2.7323097964050738,2.0,2.0
328.0,1.0,302.0,4.125918400938645,2.0
839.0,1.0,783.0,2.829554795143244,2.0
1184.0,1.0,1177.0,-1.6230503062936692,2.0
56.0,2.0,4.0,364.0,-2.2742758098052946,3.6696415198547268,2.0,2.0
1198.0,1.0,1177.0,-3.058502144034525,2.0
936.0,5.0,888.0,910.0,926.0,939.0,1177.0,2.1772656358149414,3.552338390889135,3.340436401224237,4.6062512789584416,-1.2096281470794241,2.0,2.0,2.0,2.0,2.0
75.0,4.0,26.0,64.0,80.0,618.0,4.995388026271466,-1.597793218631975,4.472504229472857,1.6499717387054993,2.0,2.0,2.0,2.0
128.0,1.0,51.0,3.782501782555429,2.0
752.0,3.0,724.0,783.0,875.0,4.5372969055565395,4.834129376980259,-1.830050936269474,2.0,2.0,2.0
157.0,1.0,82.0,4.8366664121408895,2.0
1072.0,1.0,1069.0,-2.793128587577782,2.0
1056.0,2.0,1054.0,1076.0,-2.6980219174273996,-4.227805150285334,2.0,2.0
1103.0,2.0,1088.0,1103.0,-3.017545294224443,3.2306032579702815,2.0,2.0
488.0,3.0,302.0,494.0,513.0,2.9694456267635365,4.495328713338873,-4.335926575506527,2.0,2.0,2.0
921.0,5.0,783.0,926.0,939.0,1002.0,1012.0,2.319843535076784,4.59165420594411,2.9671361425423077,1.5244649158685823,-1.9937019038944293,2.0,2.0,2.0,2.0,2.0
606.0,6.0,364.0,926.0,939.0,1064.0,1133.0,1141.0,1.3129843987618752,2.4851477771299972,4.066364202424634,-3.754733705914722,3.8319294186047466,4.068840264216387,2.0,2.0,2.0,2.0,2.0,2.0
320.0,1.0,302.0,1.3221280138873763,2.0
401.0,1.0,364.0,4.52913468767643,2.0
205.0,1.0,80.0,-4.803810444221576,2.0
286.0,3.0,257.0,302.0,364.0,-4.88197477438391,-1.533757726982416,1.3872158127134968,2.0,2.0,2.0
40.0,1.0,26.0,1.645238071539985,2.0
469.0,1.0,465.0,2.9202435512830225,2.0
651.0,3.0,618.0,724.0,783.0,2.279335557532617,1.7858039672838157,-3.6861107870630327,2.0,2.0,2.0
1008.0,2.0,1002.0,1012.0,3.809356570766829,3.8973239169431158,2.0,2.0
910.0,5.0,783.0,910.0,926.0,939.0,1177.0,3.8944923775954323,2.155627085429421,4.8945660730261284,4.438146508086845,-4.66261136394325,2.0,2.0,2.0,2.0,2.0
73.0,5.0,51.0,71.0,79.0,82.0,108.0,2.470247480191586,2.7434597010625072,4.567693420062689,4.224775956184343,3.8155543341614653,2.0,2.0,2.0,2.0,2.0
1073.0,1.0,1069.0,-1.0573965909614005,2.0
618.0,1.0,783.0,4.648603812046355,2.0
427.0,1.0,364.0,4.182361474172852,2.0
336.0,4.0,257.0,302.0,926.0,939.0,3.726959780277445,2.109361085220974,3.09751924430888,1.4695211766822287,2.0,2.0,2.0,2.0
1181.0,1.0,1177.0,-2.1665970460655504,2.0
48.0,2.0,26.0,51.0,4.351779629995216,1.3843936315758523,2.0,2.0
343.0,2.0,302.0,1012.0,-2.201614732633949,3.1980022911810857,2.0,2.0
222.0,4.0,188.0,231.0,257.0,783.0,-2.5312322366314164,4.5815435371528395,4.871178687194007,3.1875396066776887,2.0,2.0,2.0,2.0
558.0,2.0,524.0,1105.0,4.260900162865491,-1.3944414748912441,2.0,2.0
167.0,2.0,79.0,1148.0,4.835930887453895,2.4214753938877185,2.0,2.0
1142.0,2.0,1133.0,1141.0,4.0334619838246635,1.6659245272191923,2.0,2.0
901.0,1.0,866.0,3.8322997339510305,2.0
999.0,5.0,783.0,926.0,939.0,1004.0,1005.0,3.7253214349609385,1.6439514452536765,2.8423869946180025,4.866950975373944,3.1388326976663734,2.0,2.0,2.0,2.0,2.0
1176.0,2.0,1148.0,1177.0,-1.7936269909955973,-3.412152557705484,2.0,2.0
989.0,3.0,926.0,939.0,1007.0,-2.637181248939048,-1.3868450487680866,-3.627755847600576,2.0,2.0,2.0
470.0,1.0,364.0,3.0887034760084764,2.0
738.0,1.0,731.0,-3.9715931683228853,2.0
436.0,1.0,364.0,-2.60571179722208,2.0
1095.0,2.0,1088.0,1103.0,-3.3371659840219774,-2.2168027033874766,2.0,2.0
553.0,6.0,364.0,573.0,724.0,783.0,926.0,939.0,-2.6922177606644846,1.795963759701936,2.469901289007709,3.8274872376804883,3.5981368967011873,4.711904666393432,2.0,2.0,2.0,2.0,2.0,2.0
883.0,4.0,724.0,783.0,875.0,888.0,-2.574518983349101,2.5021974203381703,3.2726489767237994,3.671908289840871,2.0,2.0,2.0,2.0
315.0,5.0,302.0,303.0,359.0,361.0,364.0,-3.812869985868863,-3.539145291734779,4.8365690079118995,1.4131926203405545,-4.468668636420796,2.0,2.0,2.0,2.0,2.0
699.0,3.0,364.0,688.0,713.0,-4.560446165543228,-4.956353748919163,-3.6514259142284793,2.0,2.0,2.0
1160.0,1.0,1148.0,1.6436391831723567,2.0
377.0,1.0,364.0,1.7321331683196846,2.0
987.0,3.0,926.0,939.0,1007.0,-1.1404294833085826,-4.735385445893257,-4.095415565965412,2.0,2.0,2.0
894.0,3.0,783.0,870.0,910.0,-2.70676564873568,3.4419589400801276,3.1825156982939418,2.0,2.0,2.0
148.0,1.0,80.0,2.8344158470743435,2.0
737.0,1.0,719.0,1.8691158893513253,2.0
102.0,7.0,80.0,83.0,104.0,107.0,109.0,110.0,113.0,-3.2087698796896262,3.3379042758230755,4.847745514188916,2.1685901071701954,-1.9633151196617873,-1.4011757690619913,-1.0657185183658968,2.0,2.0,2.0,2.0,2.0,2.0,2.0
348.0,2.0,257.0,364.0,-1.9907400899692638,2.2729340367082496,2.0,2.0
1020.0,1.0,1020.0,-3.416107733438039,2.0
933.0,3.0,926.0,939.0,957.0,3.3267193725914472,2.8173369686460603,2.7892915490229013,2.0,2.0,2.0
755.0,1.0,731.0,-1.6621824511850218,2.0
783.0,1.0,783.0,-2.2618606286682237,2.0
459.0,1.0,364.0,2.902356468339375,2.0
808.0,1.0,783.0,2.38983867246339,2.0
677.0,4.0,618.0,783.0,926.0,939.0,2.4010848293794167,-4.678951923085095,4.843065893780403,3.5622583740848737,2.0,2.0,2.0,2.0
873.0,3.0,783.0,926.0,939.0,1.247556675371583,4.285213910792416,2.518665772826716,2.0,2.0,2.0
538.0,3.0,364.0,538.0,719.0,-1.7956453386674385,-4.82449263823984,-2.3217622904113755,2.0,2.0,2.0
621.0,1.0,618.0,-1.8007595528338247,2.0
235.0,2.0,226.0,242.0,-2.3667924594589285,3.7049699291098515,2.0,2.0
593.0,4.0,586.0,618.0,783.0,1177.0,-3.847481803573288,-1.2149341894149415,2.584890978646976,-1.669743277838157,2.0,2.0,2.0,2.0
1164.0,1.0,1148.0,-4.99985607417041,2.0
388.0,1.0,364.0,4.211573486245337,2.0
238.0,4.0,135.0,240.0,257.0,302.0,2.490716279283982,-3.122148858251127,4.688445847068772,1.3579781801316004,2.0,2.0,2.0,2.0
15.0,1.0,4.0,-1.3485171988061628,2.0
995.0,2.0,926.0,939.0,-3.3063803094540987,-2.7062855988047776,2.0,2.0
885.0,7.0,364.0,724.0,783.0,875.0,926.0,939.0,1177.0,-4.219291859958889,3.85348162165824,2.6347095898187414,3.0737292397706777,3.660731377647555,1.6592223593901512,-1.108791177631681,2.0,2.0,2.0,2.0,2.0,2.0,2.0
266.0,1.0,257.0,3.644470046032398,2.0
7.0,1.0,4.0,-2.75034884505077,2.0
807.0,1.0,783.0,-1.8384109155087822,2.0
116.0,3.0,83.0,104.0,107.0,3.045275930185824,1.897268115898957,1.3913779379761362,2.0,2.0,2.0
1052.0,1.0,1046.0,-4.530343894928986,2.0
99.0,4.0,80.0,83.0,104.0,107.0,3.261685247434036,1.7331193448563145,1.579391037373509,2.9522251225958183,2.0,2.0,2.0,2.0
728.0,1.0,719.0,-2.176723519485406,2.0
897.0,5.0,724.0,783.0,875.0,888.0,1020.0,-4.019135572786258,3.1435319251044467,3.670535205833869,4.2818486433574945,-1.9230957651435787,2.0,2.0,2.0,2.0,2.0
546.0,1.0,504.0,4.570828656995927,2.0
161.0,2.0,79.0,1148.0,3.3030046481794897,4.28306848280526,2.0,2.0
1148.0,1.0,1148.0,1.3159849911852697,2.0
1033.0,1.0,1033.0,-4.932267475567356,2.0
893.0,7.0,364.0,724.0,783.0,875.0,926.0,939.0,1177.0,-2.1702833877904038,1.983962423826347,3.332551913895288,2.0321438269670185,2.89354290237718,4.336705026224948,-1.9216012572287022,2.0,2.0,2.0,2.0,2.0,2.0,2.0
355.0,2.0,302.0,355.0,-2.975831335948894,4.112686381801017,2.0,2.0
654.0,6.0,364.0,618.0,724.0,783.0,926.0,939.0,2.285891723416821,-2.896739249054487,3.0590684161407453,-1.561758085484212,-3.8515692107956254,-4.321905380483838,2.0,2.0,2.0,2.0,2.0,2.0
1190.0,1.0,1177.0,-2.316064634894326,2.0
243.0,4.0,104.0,364.0,618.0,756.0,3.781080023618744,3.6878285623832894,-4.79544408288203,-1.0108128555740108,2.0,2.0,2.0,2.0
652.0,3.0,618.0,724.0,783.0,4.371893185604337,1.0650111547094787,-3.5712135012340482,2.0,2.0,2.0
1154.0,1.0,1148.0,-3.639216117563087,2.0
21.0,1.0,4.0,-3.5596840853100953,2.0
154.0,1.0,64.0,-3.5442442217885652,2.0
707.0,3.0,364.0,688.0,713.0,-3.6867594304434146,-2.881285129344164,-4.838782556116975,2.0,2.0,2.0
1063.0,6.0,573.0,1064.0,1113.0,1133.0,1141.0,1148.0,-3.8597295956781026,1.5837915607260524,3.5310625644252407,-4.170220669321784,-4.093328881479548,-1.3691183906534463,2.0,2.0,2.0,2.0,2.0,2.0
717.0,3.0,618.0,685.0,703.0,-1.4658530166476647,-1.6527268220564828,-3.784876801002475,2.0,2.0,2.0
887.0,5.0,724.0,783.0,875.0,888.0,1020.0,-1.5370680948712994,4.4025119991958634,3.2999613090964575,3.9597499231314828,-3.8186586144331662,2.0,2.0,2.0,2.0,2.0
747.0,1.0,719.0,-4.563057385800374,2.0
113.0,1.0,113.0,-4.927317559273012,2.0
907.0,5.0,724.0,783.0,875.0,888.0,1020.0,-2.1117414288358343,2.27361173844235,3.9157907845736917,3.276783888923778,-4.156143890237334,2.0,2.0,2.0,2.0,2.0
896.0,3.0,783.0,870.0,910.0,-1.7368172260753085,1.9487585282067035,1.734017868285354,2.0,2.0,2.0
1189.0,1.0,1177.0,-4.084584388218352,2.0
671.0,2.0,618.0,731.0,-2.243721521376358,-2.9937391434498095,2.0,2.0
339.0,1.0,302.0,-1.0154414060410444,2.0
753.0,2.0,724.0,783.0,-4.153873548097765,2.0933949461594827,2.0,2.0
666.0,2.0,618.0,783.0,-4.523992243144525,-3.223750755234427,2.0,2.0
29.0,3.0,4.0,26.0,302.0,-2.438031602295144,2.748127815197366,3.7905247837090594,2.0,2.0,2.0
680.0,6.0,257.0,584.0,926.0,939.0,1064.0,1148.0,-3.3637069021342767,3.8895660747929455,-2.2705274930957846,-2.3158150396759325,1.0787665708948149,1.1634994403760732,2.0,2.0,2.0,2.0,2.0,2.0
357.0,3.0,257.0,302.0,364.0,-1.5562908045944512,-2.707617440844295,4.371419551341829,2.0,2.0,2.0
938.0,2.0,926.0,939.0,-2.3788087150711523,-3.897334255501279,2.0,2.0
1124.0,1.0,1122.0,-2.8684342301928423,2.0
356.0,1.0,302.0,-4.376939846212096,2.0
950.0,4.0,926.0,939.0,950.0,1006.0,4.381494148428816,3.1380357600231683,-2.698211824232038,-2.1458585298394706,2.0,2.0,2.0,2.0
246.0,2.0,242.0,257.0,3.0392287864863365,2.3358594783872366,2.0,2.0
688.0,2.0,688.0,713.0,-1.3950395471622201,-3.9944240233183113,2.0,2.0
939.0,1.0,939.0,-2.953732351743332,2.0
269.0,2.0,257.0,364.0,-3.7858525786100024,1.9895950221566148,2.0,2.0
736.0,3.0,724.0,783.0,875.0,4.232197361291618,4.708082275145584,-1.4622452544012559,2.0,2.0,2.0
786.0,1.0,783.0,4.636371028114253,2.0
1059.0,1.0,1038.0,-2.6020418543260218,2.0
297.0,3.0,257.0,618.0,888.0,-1.9676068168059393,-2.7291259247251944,-3.08798509451993,2.0,2.0,2.0
486.0,3.0,302.0,504.0,783.0,-4.686876267483333,4.2210554223167005,3.8957655940053035,2.0,2.0,2.0
184.0,3.0,80.0,926.0,939.0,-1.6518177041864215,3.555047029466117,2.9612213861949486,2.0,2.0,2.0
195.0,1.0,188.0,-2.659427477334256,2.0
778.0,3.0,724.0,783.0,790.0,-3.4250476249061657,4.956352301427415,4.2724042000961155,2.0,2.0,2.0
371.0,1.0,364.0,3.83614184073316,2.0
193.0,1.0,188.0,-2.148206079678519,2.0
306.0,4.0,257.0,302.0,926.0,939.0,2.8282350453254694,4.919849305369237,2.6948254138218912,4.428499670018269,2.0,2.0,2.0,2.0
474.0,1.0,364.0,2.8358794407282732,2.0
524.0,3.0,364.0,524.0,618.0,-4.766671181559026,2.1133011932804573,1.74359041142199,2.0,2.0,2.0
742.0,3.0,724.0,783.0,875.0,-2.706375638395516,1.0981924660959104,-2.5533326658978104,2.0,2.0,2.0
721.0,1.0,719.0,-4.602700955235461,2.0
30.0,3.0,4.0,26.0,302.0,-1.2409018865170793,3.6670668617826707,3.6825514784726376,2.0,2.0,2.0
572.0,6.0,364.0,618.0,724.0,783.0,926.0,939.0,4.821863733223124,-3.3932638774587485,1.4756677685840542,-2.6701568039874264,-4.12632691072643,-3.774988092956855,2.0,2.0,2.0,2.0,2.0,2.0
456.0,3.0,257.0,618.0,888.0,-4.092440210021676,-1.8674810003641626,-4.612598587406286,2.0,2.0,2.0
202.0,2.0,135.0,202.0,-2.1862250602561195,-4.968044973657896,2.0,2.0
545.0,3.0,302.0,494.0,513.0,4.004129198139675,1.6239117121378261,-2.7040095506782422,2.0,2.0,2.0
1069.0,1.0,1069.0,-1.3707407686326425,2.0
682.0,3.0,618.0,724.0,783.0,3.513255321495649,4.079156082711339,4.075677744859287,2.0,2.0,2.0
997.0,5.0,783.0,926.0,939.0,1004.0,1005.0,3.356393436505166,1.1055573268534045,4.808439165589608,4.5104735095399064,3.49547160230911,2.0,2.0,2.0,2.0,2.0
473.0,1.0,364.0,1.4459842291948624,2.0
277.0,1.0,251.0,-2.512980699693847,2.0
249.0,3.0,240.0,257.0,302.0,-3.4931786920805226,4.5478431248696705,3.475304672965506,2.0,2.0,2.0
1113.0,6.0,573.0,1064.0,1113.0,1133.0,1141.0,1148.0,-4.864884540496658,4.172114668780447,4.305721621259915,-4.815681866814911,-2.5554025153728297,-3.3203210567286834,2.0,2.0,2.0,2.0,2.0,2.0
966.0,3.0,926.0,939.0,961.0,1.9288390206543693,2.4136948129926754,2.051564708042044,2.0,2.0,2.0
392.0,1.0,364.0,-2.9175381975567523,2.0
308.0,1.0,302.0,2.599248560037323,2.0
826.0,3.0,302.0,724.0,783.0,-4.691657162529942,-3.4681408425645,4.551337225133878,2.0,2.0,2.0
759.0,3.0,719.0,756.0,1122.0,-2.9072054557154408,-3.4875295655774603,-3.114966046797792,2.0,2.0,2.0
1047.0,1.0,1046.0,-1.358569904394948,2.0
182.0,2.0,135.0,188.0,3.4739210380509915,-4.897024851272201,2.0,2.0
322.0,1.0,302.0,2.060158793457928,2.0
979.0,3.0,926.0,939.0,992.0,1.092946506835447,3.1244150838745157,-1.8191254477434096,2.0,2.0,2.0
241.0,4.0,135.0,240.0,257.0,302.0,2.1162717929143935,-1.8389997986225404,1.4628129333083746,3.3085609760813672,2.0,2.0,2.0,2.0
1129.0,1.0,1122.0,1.304580648806121,2.0
405.0,1.0,364.0,3.7766314054765022,2.0
576.0,2.0,566.0,576.0,3.2944389878672617,-4.820186724025132,2.0,2.0
810.0,6.0,364.0,724.0,783.0,888.0,926.0,939.0,-4.820256581494239,-3.075702714548661,4.480399161177687,-3.4326863427071177,-2.3963493679507017,-1.7767768304538762,2.0,2.0,2.0,2.0,2.0,2.0
867.0,4.0,618.0,783.0,926.0,939.0,2.21161923467934,-3.3091360581719282,-1.6787124622962795,-1.6378763693646352,2.0,2.0,2.0,2.0
64.0,1.0,64.0,-3.2890076231634935,2.0
132.0,1.0,104.0,2.4952525517302457,2.0
1105.0,1.0,1105.0,2.6784014538197276,2.0
417.0,3.0,302.0,504.0,783.0,-2.967568926833378,4.595844368908127,1.742071590092705,2.0,2.0,2.0
6.0,1.0,4.0,-3.5835764522666245,2.0
923.0,7.0,364.0,724.0,783.0,875.0,926.0,939.0,1177.0,-3.6751301719690437,1.2898956969954245,1.0219792712366509,2.1049906698770173,2.4507717391757615,4.106998676187104,-4.868022095721466,2.0,2.0,2.0,2.0,2.0,2.0,2.0
68.0,4.0,26.0,64.0,80.0,618.0,3.901017119278562,-3.005297527706809,4.824334538892895,3.5759607969185496,2.0,2.0,2.0,2.0
601.0,6.0,364.0,574.0,618.0,724.0,875.0,1020.0,-3.129281313034243,3.812756064062657,4.797119600172568,-3.7763495003319196,-4.124771375849562,-1.6757044634582625,2.0,2.0,2.0,2.0,2.0,2.0
1077.0,1.0,1077.0,-3.4689517864725916,2.0
751.0,2.0,719.0,756.0,1.6177016986184012,-2.2507593739441405,2.0,2.0
863.0,3.0,783.0,870.0,910.0,-3.884792451723612,2.920431228580736,3.575456146890387,2.0,2.0,2.0
942.0,3.0,926.0,939.0,961.0,4.2228093521547105,3.685710184502481,2.6896299790746583,2.0,2.0,2.0
1040.0,1.0,1038.0,-2.8829286198209263,2.0
463.0,3.0,364.0,566.0,618.0,1.2754078579734958,-3.8228401759584307,-2.5809329741453473,2.0,2.0,2.0
1076.0,1.0,1076.0,-4.268994336162047,2.0
511.0,3.0,364.0,538.0,719.0,-3.1032358123068917,-1.56726910280591,-2.266922666213825,2.0,2.0,2.0
549.0,6.0,364.0,618.0,724.0,783.0,926.0,939.0,2.742126162123734,-4.194756995535611,4.693822152816427,-2.1966145781752644,-2.553616468676421,-2.9450883453172594,2.0,2.0,2.0,2.0,2.0,2.0
608.0,5.0,302.0,611.0,633.0,688.0,713.0,-4.173126691028193,-3.6398821940930497,-3.3209514834538405,4.099519117389608,4.776129865712397,2.0,2.0,2.0,2.0,2.0
769.0,1.0,618.0,-3.2444837097190993,2.0
291.0,2.0,257.0,302.0,2.4075719847721704,-3.88562667183981,2.0,2.0
834.0,3.0,724.0,783.0,790.0,-2.794402648070869,1.1699584329526327,1.470183763024254,2.0,2.0,2.0
76.0,4.0,51.0,71.0,79.0,364.0,3.4622382571353767,-1.495279931397766,4.392032917288938,-4.229275834900043,2.0,2.0,2.0,2.0
435.0,2.0,302.0,783.0,-4.467154173036382,3.5109390247811376,2.0,2.0
929.0,3.0,926.0,939.0,1046.0,1.532303960736665,4.09381868608765,2.625089987624475,2.0,2.0,2.0
697.0,3.0,688.0,713.0,1122.0,-1.448897263313154,-1.773338563067656,-2.386431242436687,2.0,2.0,2.0
313.0,1.0,302.0,-2.2841719601728676,2.0
968.0,3.0,926.0,939.0,1007.0,-2.4392390689641887,-4.551460125857554,-2.194359391385796,2.0,2.0,2.0
1014.0,4.0,302.0,926.0,939.0,1177.0,-1.8655164578339511,-4.447227229756359,-4.8262862234357105,-3.126423272434578,2.0,2.0,2.0,2.0
335.0,3.0,257.0,302.0,364.0,-2.4596473440849524,-2.043617997524239,2.9838811814938784,2.0,2.0,2.0
215.0,1.0,188.0,-4.7703343987917215,2.0
916.0,5.0,783.0,910.0,926.0,939.0,1177.0,3.5805541342866403,4.763801319512553,3.302536291443926,3.457470047073257,-1.2714232708151019,2.0,2.0,2.0,2.0,2.0
1155.0,1.0,1148.0,1.3779491165695363,2.0
380.0,2.0,302.0,359.0,-3.1076297962087214,2.9507052941528302,2.0,2.0
126.0,2.0,83.0,104.0,2.048472596958713,2.8245622672019186,2.0,2.0
878.0,3.0,783.0,870.0,910.0,-1.2534760181953932,2.639429799629355,3.890000350039688,2.0,2.0,2.0
974.0,3.0,926.0,939.0,992.0,4.245517615853947,4.262470345746647,-4.001372748140081,2.0,2.0,2.0
359.0,2.0,302.0,359.0,-1.625533395471852,2.2167947663976313,2.0,2.0
859.0,1.0,783.0,2.3689053250038423,2.0
658.0,6.0,364.0,618.0,724.0,783.0,926.0,939.0,2.5130712684205307,-3.631448534905713,2.437812604086609,-4.601469806416903,-4.933099460200621,-1.1217060613480236,2.0,2.0,2.0,2.0,2.0,2.0
815.0,4.0,724.0,783.0,875.0,1177.0,1.4193368290130035,1.3341223542212681,4.748492082127118,-1.4720812449675167,2.0,2.0,2.0,2.0
609.0,2.0,566.0,618.0,-1.146765671477652,-1.5896004100528827,2.0,2.0
135.0,2.0,26.0,135.0,1.7882171207425586,-2.8394235350240296,2.0,2.0
1081.0,1.0,1069.0,-3.3648811416295272,2.0
617.0,2.0,574.0,618.0,2.9485925076694985,4.961474088558319,2.0,2.0
142.0,1.0,80.0,4.825622891183795,2.0
1166.0,1.0,1148.0,1.4989607512374548,2.0
294.0,3.0,257.0,302.0,364.0,-4.058247897430834,-3.7929939112731623,2.3419926787035985,2.0,2.0,2.0
498.0,1.0,465.0,2.8268145034419367,2.0
20.0,2.0,4.0,26.0,4.122116705145822,1.4730977034757329,2.0,2.0
594.0,4.0,364.0,542.0,543.0,888.0,4.287615633631476,-3.802114491271451,-4.532310389276541,-4.866300427696656,2.0,2.0,2.0,2.0
599.0,6.0,364.0,618.0,724.0,783.0,926.0,939.0,3.6634855932393595,-2.603518254527941,4.072778657851119,-3.1108589022914632,-1.9500925519453989,-2.085224405033865,2.0,2.0,2.0,2.0,2.0,2.0
1175.0,3.0,1133.0,1141.0,1145.0,1.6024261126209027,3.3753203935171623,-3.1504934226033283,2.0,2.0,2.0
955.0,5.0,888.0,910.0,926.0,939.0,1177.0,2.464470200297263,4.570559212189286,1.3377533056957915,1.6619329133584526,-3.5016704414046744,2.0,2.0,2.0,2.0,2.0
986.0,3.0,926.0,939.0,995.0,1.0220417609421037,4.241163052277744,-4.801944144151136,2.0,2.0,2.0
124.0,1.0,104.0,1.2214972816847918,2.0
971.0,3.0,926.0,939.0,995.0,1.4927185954180158,2.8579614128833692,-1.4729445149434652,2.0,2.0,2.0
104.0,2.0,104.0,134.0,-4.909980558977788,4.506020981266364,2.0,2.0
579.0,6.0,364.0,574.0,618.0,724.0,875.0,1020.0,-4.55080334290928,3.554436710565652,2.7199871218828524,-1.142970730001935,-4.080512496766328,-3.008422322896452,2.0,2.0,2.0,2.0,2.0,2.0
1093.0,1.0,1088.0,-4.814824727852334,2.0
85.0,7.0,51.0,71.0,79.0,83.0,121.0,257.0,302.0,4.777489559935734,3.9582031801971502,2.9618352344702683,-1.909658511893293,2.0174259270815718,-1.2321166412955025,-2.737666502232483,2.0,2.0,2.0,2.0,2.0,2.0,2.0
1070.0,1.0,1069.0,-2.8196170908537592,2.0
640.0,2.0,618.0,724.0,-2.1395420822149247,-1.4159523101736817,2.0,2.0
948.0,3.0,926.0,939.0,949.0,1.9757632754675658,3.8886030628004162,1.451153059323949,2.0,2.0,2.0
564.0,5.0,364.0,731.0,783.0,926.0,939.0,1.814483728308928,-3.2652464222173196,1.7432669929039828,-1.4189444267251732,-1.4662344497183941,2.0,2.0,2.0,2.0,2.0
722.0,1.0,719.0,-4.079486058676221,2.0
87.0,7.0,4.0,79.0,135.0,257.0,783.0,926.0,939.0,-2.8147873782241812,3.146316844434889,-4.586685172161369,4.9613557895868174,-1.8675879375938957,3.652312812400403,2.0532895069486026,2.0,2.0,2.0,2.0,2.0,2.0,2.0
98.0,4.0,80.0,83.0,104.0,107.0,3.0695164286164567,1.5282724253806133,3.8674387247703748,2.584238811229175,2.0,2.0,2.0,2.0
619.0,2.0,618.0,636.0,-1.4733977360778763,1.1007611571620246,2.0,2.0
853.0,3.0,783.0,870.0,910.0,-1.3024426922603376,2.8432121691727623,1.5184761940670404,2.0,2.0,2.0
156.0,1.0,104.0,4.185565898069327,2.0
406.0,1.0,355.0,4.678029627623283,2.0
630.0,2.0,618.0,783.0,-2.266164483832536,2.1950012434077637,2.0,2.0
800.0,1.0,783.0,3.462388876438579,2.0
709.0,5.0,364.0,618.0,724.0,783.0,790.0,-2.8248900078462125,3.3847377871169746,-2.7152390806413718,3.2207755292934777,2.6677358085152063,2.0,2.0,2.0,2.0,2.0
798.0,1.0,783.0,-4.720505448974787,2.0
1046.0,1.0,1046.0,-1.2883206294460674,2.0
668.0,2.0,618.0,783.0,-4.632993516938316,1.6013990274854812,2.0,2.0
80.0,1.0,80.0,4.1747908134296825,2.0
772.0,2.0,724.0,783.0,-1.9047852033680255,1.06295295868185,2.0,2.0
1100.0,2.0,1097.0,1148.0,4.988185376820402,1.8820223128631741,2.0,2.0
605.0,1.0,586.0,1.3011091193309379,2.0
789.0,1.0,783.0,1.8078657136968128,2.0
729.0,2.0,724.0,783.0,-2.415616440719143,1.0148390950000747,2.0,2.0
439.0,1.0,302.0,-1.8458191831296542,2.0
295.0,1.0,257.0,1.5907423128268294,2.0
954.0,2.0,926.0,939.0,3.931260496146782,1.3929996538081468,2.0,2.0
596.0,4.0,79.0,586.0,618.0,783.0,4.4645388252989235,-4.8432501152907115,-1.2604858741952736,-1.1782844439506563,2.0,2.0,2.0,2.0
686.0,3.0,618.0,685.0,703.0,-3.346868664892937,-3.352630681964687,-1.137068161408918,2.0,2.0,2.0
750.0,3.0,724.0,749.0,783.0,-2.5370927009692736,-3.813628122645894,2.4122998420864343,2.0,2.0,2.0
44.0,2.0,26.0,364.0,1.4415005646572205,3.6253183578610937,2.0,2.0
476.0,2.0,364.0,450.0,-2.2660029818144256,2.930336966848404,2.0,2.0
565.0,6.0,364.0,724.0,783.0,888.0,926.0,939.0,-2.430556139392875,-1.018619347348734,2.699415684806758,-3.656788420324596,-2.606752740015955,-1.3431784020793405,2.0,2.0,2.0,2.0,2.0,2.0
39.0,1.0,26.0,1.8355070243793388,2.0
221.0,1.0,26.0,3.416471216083528,2.0
947.0,5.0,783.0,926.0,939.0,1002.0,1012.0,4.923917603201581,1.9833972076513349,3.842021314520794,3.020453754470955,-2.9150905472708324,2.0,2.0,2.0,2.0,2.0
45.0,2.0,26.0,364.0,1.5527318053944552,1.786329446720214,2.0,2.0
1027.0,1.0,1020.0,-3.733082785783719,2.0
318.0,3.0,257.0,302.0,364.0,-3.0967354415750328,-2.460399508240039,1.7622676597602722,2.0,2.0,2.0
155.0,2.0,64.0,163.0,-1.9600810935188382,-1.6421552899410257,2.0,2.0
502.0,2.0,302.0,449.0,-4.794161204515364,-4.113104669185775,2.0,2.0
199.0,1.0,188.0,-4.259865917480989,2.0
97.0,1.0,80.0,1.4701274238481323,2.0
32.0,1.0,26.0,1.5157051906194132,2.0
1024.0,1.0,1020.0,-4.055447368611645,2.0
379.0,1.0,364.0,3.9809318401285165,2.0
1146.0,1.0,1145.0,1.7390982993491493,2.0
302.0,3.0,302.0,364.0,450.0,-2.5992067688981035,2.5213407341102925,1.5912347067890895,2.0,2.0,2.0
53.0,3.0,51.0,79.0,302.0,3.2664058168263006,2.0615579637577817,-3.0929922138667987,2.0,2.0,2.0
983.0,3.0,926.0,939.0,1007.0,-2.3564736561381143,-2.109672167343993,-4.8491196453103935,2.0,2.0,2.0
704.0,5.0,618.0,724.0,783.0,926.0,939.0,-1.7412516783174672,-2.6605010193271754,-3.079939959813239,-2.8072280723379226,-4.199319723553883,2.0,2.0,2.0,2.0,2.0
1004.0,5.0,783.0,926.0,939.0,1004.0,1005.0,2.52013830409475,3.406533983132586,3.778443613665527,1.1730827057687847,4.20304203394454,2.0,2.0,2.0,2.0,2.0
289.0,1.0,257.0,-2.589026988672168,2.0
672.0,4.0,618.0,783.0,926.0,939.0,3.807143051743416,-1.5537473654574057,1.7759631904007893,2.9241697924394905,2.0,2.0,2.0,2.0
272.0,1.0,251.0,-4.630931829940158,2.0
962.0,5.0,888.0,910.0,926.0,939.0,1177.0,2.924407856063247,2.0060909526744513,4.506727568892192,2.2970915021680445,-4.698491248570514,2.0,2.0,2.0,2.0,2.0
1171.0,1.0,1148.0,-1.3645456245172274,2.0
749.0,3.0,724.0,749.0,783.0,-1.7668964396873825,-2.081909363786493,3.464731962463838,2.0,2.0,2.0
510.0,3.0,302.0,504.0,783.0,-2.0175296044704973,2.0612132981481897,1.509176101680299,2.0,2.0,2.0
453.0,2.0,364.0,524.0,-4.604648682596647,3.2185802344810384,2.0,2.0
803.0,1.0,783.0,4.6715064679724545,2.0
1016.0,5.0,926.0,939.0,1020.0,1077.0,1177.0,3.0027683960822484,2.1342308604104154,2.144590415986417,2.2536820909396527,-1.763400016656616,2.0,2.0,2.0,2.0,2.0
94.0,5.0,51.0,79.0,130.0,302.0,618.0,3.072802855722653,1.1026508722181263,1.8298803017644376,-2.698741875006025,-2.496679921336902,2.0,2.0,2.0,2.0,2.0
25.0,2.0,4.0,364.0,-2.824601328866194,3.273735795474594,2.0,2.0
889.0,5.0,724.0,783.0,875.0,888.0,1020.0,-4.872847085324967,2.1812292893432557,3.821227091117048,2.462705332503673,-2.581642883674567,2.0,2.0,2.0,2.0,2.0
280.0,2.0,257.0,364.0,-3.721394664060006,1.2528304733545226,2.0,2.0
361.0,2.0,302.0,359.0,-2.6986520113623715,1.4304708205983276,2.0,2.0
62.0,4.0,26.0,64.0,80.0,618.0,2.0800318927686594,-3.9407760884903795,4.8487541804697525,1.9950125740798321,2.0,2.0,2.0,2.0
1098.0,2.0,1097.0,1148.0,4.856081561735578,3.647794928694126,2.0,2.0
542.0,1.0,542.0,-3.53594768522363,2.0
1112.0,1.0,1105.0,2.7915123716789245,2.0
1173.0,1.0,1148.0,-4.617149863288946,2.0
767.0,3.0,719.0,756.0,1122.0,-3.6463105929193356,-1.236092981076459,-4.243926926400613,2.0,2.0,2.0
637.0,2.0,618.0,783.0,4.539059289197519,3.8079103806647887,2.0,2.0
462.0,2.0,364.0,485.0,-1.5615358311973875,-1.9094497963100072,2.0,2.0
817.0,3.0,783.0,926.0,939.0,-4.450664231731012,2.017152521109376,3.6638056430176644,2.0,2.0,2.0
149.0,1.0,80.0,3.896670546446173,2.0
1006.0,3.0,926.0,939.0,1006.0,2.5097207408615754,3.6809557657744394,-2.886656264819796,2.0,2.0,2.0
337.0,2.0,302.0,1012.0,-1.6393811474167652,1.187225418848755,2.0,2.0
127.0,1.0,113.0,-3.733125342190722,2.0
1053.0,1.0,1030.0,1.3208266493203142,2.0
298.0,3.0,257.0,302.0,364.0,-4.092334216219486,-4.834963692226372,1.469281921539244,2.0,2.0,2.0
282.0,3.0,257.0,926.0,939.0,-2.9105860115056643,2.1359999070484044,1.953653123696232,2.0,2.0,2.0
250.0,2.0,250.0,251.0,-1.5338458837397377,-4.922320531149129,2.0,2.0
441.0,1.0,355.0,4.504107391682297,2.0
806.0,1.0,783.0,-2.818359468921931,2.0
1032.0,1.0,1012.0,2.412855068235202,2.0
245.0,3.0,240.0,257.0,302.0,-1.0674866934801588,3.7859297228058004,4.254714598807453,2.0,2.0,2.0
354.0,4.0,257.0,302.0,926.0,939.0,1.6641912980849827,4.691026440901462,2.1763066495326644,2.8123769817955138,2.0,2.0,2.0,2.0
615.0,5.0,302.0,611.0,633.0,688.0,713.0,-4.8322687119737395,-4.862937111921123,-3.480503522272966,3.469989070669144,4.941514258268423,2.0,2.0,2.0,2.0,2.0
531.0,5.0,302.0,485.0,926.0,939.0,1122.0,-1.4010069763033943,4.035938219009368,1.06824194503639,4.868219672308879,3.4602320825403847,2.0,2.0,2.0,2.0,2.0
611.0,1.0,364.0,-1.1207710930748465,2.0
726.0,2.0,719.0,1046.0,2.663813258519118,-1.9250198119187538,2.0,2.0
620.0,2.0,618.0,783.0,4.594550673633065,3.1486805117948298,2.0,2.0
895.0,7.0,364.0,724.0,783.0,875.0,926.0,939.0,1177.0,-4.898892949660949,3.72148101758078,3.9597849681937594,4.8678237918669325,2.657752100914084,2.421519260244205,-1.1754497190655302,2.0,2.0,2.0,2.0,2.0,2.0,2.0
1159.0,1.0,1148.0,1.8254920474304956,2.0
91.0,1.0,82.0,3.9234232270806313,2.0
130.0,3.0,130.0,359.0,783.0,3.7879889668999494,-4.1147815837644135,4.109630247395012,2.0,2.0,2.0
1057.0,1.0,1054.0,-3.8752628441501673,2.0
497.0,2.0,485.0,1122.0,-1.4298902710752182,-2.150178009122246,2.0,2.0
395.0,1.0,364.0,3.860210389860668,2.0
711.0,5.0,618.0,724.0,783.0,926.0,939.0,4.0843093872607525,-2.125814909177575,2.509075730663041,4.704106026513922,4.272308900695445,2.0,2.0,2.0,2.0,2.0
60.0,2.0,4.0,364.0,-4.315760116869452,1.0187819047701883,2.0,2.0
884.0,4.0,724.0,783.0,875.0,888.0,-4.363320969649,2.9889255879094905,2.5680868692206804,1.5759061363815268,2.0,2.0,2.0,2.0
1178.0,1.0,1177.0,-2.3609249372677823,2.0
835.0,1.0,783.0,2.5266149865817287,2.0
1037.0,2.0,1033.0,1054.0,-4.028519111236262,-4.945316252006355,2.0,2.0
975.0,3.0,926.0,939.0,992.0,2.151335048560292,2.979886477645428,-1.744846380746893,2.0,2.0,2.0
613.0,2.0,566.0,618.0,-3.5821771783179757,-2.3794263464909924,2.0,2.0
115.0,5.0,51.0,79.0,130.0,302.0,618.0,3.5578900655948944,2.47433842451847,1.5476010867423957,-4.288470932776982,-1.7593916476110318,2.0,2.0,2.0,2.0,2.0
12.0,1.0,4.0,-3.115579679011618,2.0
1183.0,1.0,1177.0,-4.518889633198697,2.0
626.0,1.0,359.0,1.5292226994122515,2.0
845.0,5.0,618.0,783.0,826.0,926.0,939.0,4.771117638244775,3.5771945098624496,3.8571993851749746,-2.9754619476821484,-3.3275557705382792,2.0,2.0,2.0,2.0,2.0
217.0,3.0,188.0,226.0,364.0,-4.46915762184986,-4.760838757419069,-4.003059447545407,2.0,2.0,2.0
648.0,2.0,618.0,783.0,-4.933735912938305,4.608524859216928,2.0,2.0
1194.0,1.0,1177.0,-2.4300784297637117,2.0
0.0,1.0,1.0,-3.195254015709299,2.0
1140.0,2.0,1133.0,1141.0,4.214181179650632,2.8867722795025275,2.0,2.0
764.0,3.0,724.0,783.0,875.0,-1.2904002661904213,4.0666772041115,-2.0654815664363873,2.0,2.0,2.0
530.0,2.0,524.0,1105.0,4.019604416550273,-4.540087404847225,2.0,2.0
19.0,1.0,4.0,-2.8459174490117274,2.0
787.0,1.0,783.0,1.7494436057052911,2.0
346.0,1.0,302.0,-2.4876749940498453,2.0
560.0,6.0,364.0,618.0,724.0,783.0,926.0,939.0,4.204299521021219,-1.1647191653124866,4.265684124857422,-4.2302552166394936,-1.2040292353150233,-3.508642845847433,2.0,2.0,2.0,2.0,2.0,2.0
285.0,1.0,257.0,2.3499095270569597,2.0
723.0,1.0,719.0,-4.398759505684753,2.0
3.0,1.0,4.0,-3.4110535042865755,2.0
837.0,2.0,783.0,1177.0,-1.5921547171110482,-4.2959603760107825,2.0,2.0
990.0,3.0,926.0,939.0,992.0,1.1184033149690875,2.939621100796149,-3.7327674010101353,2.0,2.0,2.0
239.0,4.0,226.0,242.0,255.0,364.0,2.623769287873135,1.097252798840631,-2.3704439373663613,3.4889242353591796,2.0,2.0,2.0,2.0
1009.0,2.0,1002.0,1012.0,1.7662840539458693,3.648696937145802,2.0,2.0
1165.0,1.0,1148.0,2.2367673111116235,2.0
700.0,4.0,618.0,684.0,926.0,939.0,-4.381458074671052,4.112155387698795,2.230128156874848,4.502769080939692,2.0,2.0,2.0,2.0
321.0,3.0,257.0,302.0,364.0,-1.3412436924748135,-1.8855857851710889,1.4000562436862207,2.0,2.0,2.0
589.0,6.0,364.0,573.0,724.0,783.0,926.0,939.0,-4.468458166374651,2.177064656518756,2.741413865300628,4.181826107105259,3.710033423976041,4.751457497776157,2.0,2.0,2.0,2.0,2.0,2.0
228.0,3.0,226.0,618.0,783.0,-4.44927418734361,-1.1947611839021142,-2.014570097027291,2.0,2.0,2.0
1061.0,2.0,1054.0,1076.0,-3.0763957573274543,-1.3872128770761023,2.0,2.0
480.0,1.0,364.0,3.0252488960935544,2.0
790.0,2.0,724.0,783.0,-3.7748933546889116,4.116615698099656,2.0,2.0
882.0,5.0,724.0,783.0,875.0,888.0,1020.0,-1.0002947977324244,2.016960356718399,3.9964024265988796,3.129344283589289,-1.4598085985484595,2.0,2.0,2.0,2.0,2.0
447.0,1.0,364.0,2.3693695065006315,2.0
174.0,2.0,80.0,188.0,2.816649587630207,-2.3068035270730403,2.0,2.0
862.0,3.0,783.0,926.0,939.0,3.6413543839128897,2.6577554927587768,4.1651262089299745,2.0,2.0,2.0
35.0,1.0,26.0,3.2807870816715186,2.0
1019.0,5.0,926.0,939.0,1020.0,1077.0,1177.0,4.756313426188394,1.8894938769312404,3.2141678378672065,1.2179926221686506,-1.764808788069796,2.0,2.0,2.0,2.0,2.0
49.0,3.0,26.0,926.0,939.0,4.905837860053583,2.8746048065908063,4.907044352761348,2.0,2.0,2.0
552.0,4.0,364.0,724.0,875.0,1177.0,-1.5421937324340256,3.881063410019032,4.701580101169762,-3.6586623461377545,2.0,2.0,2.0,2.0
858.0,1.0,783.0,-3.927721110726144,2.0
438.0,1.0,364.0,2.3927677709860804,2.0
204.0,1.0,188.0,-1.4236246195289288,2.0
535.0,8.0,302.0,364.0,719.0,724.0,783.0,875.0,926.0,939.0,-2.6943505468572178,-2.431031536321355,-1.6547370446065939,2.7654965733299446,2.051199825297956,3.0882496827290575,1.1406402388647767,4.624925679149136,2.0,2.0,2.0,2.0,2.0,2.0,2.0,2.0
1156.0,1.0,1148.0,2.2250763806709943,2.0
692.0,2.0,618.0,783.0,3.627353387807933,-1.4259812550842415,2.0,2.0
568.0,2.0,566.0,618.0,-1.677250762174403,-4.860379892871878,2.0,2.0
1197.0,1.0,1177.0,-3.530035897153,2.0
105.0,2.0,83.0,104.0,2.3526358073473825,4.846280618165994,2.0,2.0
191.0,1.0,188.0,-2.696355953743397,2.0
349.0,2.0,302.0,1012.0,-4.435109872927608,2.83401266826578,2.0,2.0
616.0,5.0,302.0,611.0,633.0,688.0,713.0,-4.549132604940744,-4.06027979663256,-2.254362446970805,2.4621561124723055,1.8050670630434618,2.0,2.0,2.0,2.0,2.0
934.0,3.0,926.0,939.0,961.0,4.282937048385627,4.695513210045444,2.9252278642795275,2.0,2.0,2.0
69.0,7.0,4.0,64.0,96.0,188.0,364.0,926.0,939.0,-2.6954201942327187,3.4255728565116974,-1.076772793237334,-2.2062992666981973,3.64069414997074,2.1603104288417763,3.472061715995366,2.0,2.0,2.0,2.0,2.0,2.0,2.0
1130.0,2.0,1122.0,1132.0,-1.6322389344047696,3.6603264965681332,2.0,2.0
551.0,4.0,302.0,559.0,926.0,939.0,-3.789321003320206,2.558194029382275,2.0550707458018485,4.778502873688496,2.0,2.0,2.0,2.0
623.0,1.0,618.0,-1.4883424273458687,2.0
840.0,1.0,783.0,3.5775885638022724,2.0
612.0,4.0,586.0,618.0,783.0,1177.0,-4.493277711607615,-2.77791582140908,3.0095731756284043,-3.1601918547747676,2.0,2.0,2.0,2.0
673.0,3.0,618.0,685.0,703.0,-2.192983194822051,-4.450236999136379,-3.345109286082472,2.0,2.0,2.0
96.0,1.0,96.0,-4.455422423692926,2.0
1114.0,1.0,1113.0,-3.774366963182414,2.0
624.0,2.0,618.0,724.0,-2.038400933990478,-1.2403118572530318,2.0,2.0
757.0,2.0,618.0,783.0,-1.33684505885273,4.895573295895478,2.0,2.0
47.0,2.0,26.0,51.0,4.28397291939174,1.388405103172245,2.0,2.0
607.0,6.0,364.0,618.0,724.0,783.0,926.0,939.0,2.1486108515453175,-3.193025127768352,3.173410561267078,-3.958530004719797,-4.827482276422586,-2.1119597791818636,2.0,2.0,2.0,2.0,2.0,2.0
598.0,2.0,586.0,1148.0,-4.92977953200284,2.6017941389436934,2.0,2.0
846.0,2.0,783.0,1033.0,1.5054701013224139,-4.507282481602523,2.0,2.0
730.0,2.0,724.0,783.0,-4.3803105091114976,1.6193628136063065,2.0,2.0
423.0,1.0,364.0,4.659883081262475,2.0
739.0,3.0,724.0,749.0,783.0,-1.7840030171229562,-2.145318187493796,1.6669663204454506,2.0,2.0,2.0
930.0,3.0,926.0,939.0,949.0,4.852375560847709,2.1340551291721375,2.0523151211863384,2.0,2.0,2.0
487.0,2.0,485.0,1122.0,-3.236695128406809,-4.689194014669791,2.0,2.0
227.0,4.0,226.0,242.0,255.0,364.0,3.099881769017057,4.00238009171595,-2.3340298631651013,4.696635066483054,2.0,2.0,2.0,2.0
257.0,3.0,79.0,257.0,1177.0,4.319589474413373,-4.873145641177189,-4.679131243112634,2.0,2.0,2.0
529.0,5.0,257.0,529.0,783.0,926.0,939.0,3.803422597790951,4.653137363541923,-3.098308269914504,2.416899287309051,1.4811093799178785,2.0,2.0,2.0,2.0,2.0
304.0,4.0,257.0,302.0,926.0,939.0,1.3890319791505625,2.991107631301367,3.3243277186882523,1.9662281601596736,2.0,2.0,2.0,2.0
146.0,1.0,104.0,2.8276456865830633,2.0
763.0,1.0,719.0,-4.917298149057476,2.0
237.0,4.0,135.0,240.0,257.0,302.0,2.1307986037821465,-1.1209410320239304,3.8413473158968534,1.0315364140337615,2.0,2.0,2.0,2.0
1172.0,1.0,1148.0,-1.3719146836267204,2.0
1120.0,1.0,1105.0,3.983054936385313,2.0
1143.0,2.0,1133.0,1141.0,3.127869376292672,4.296419104252783,2.0,2.0
973.0,4.0,926.0,939.0,1133.0,1141.0,2.5265572815837034,4.789234327332963,2.056502924750117,2.8897153812660674,2.0,2.0,2.0,2.0
926.0,3.0,926.0,939.0,1177.0,-4.3743614370928325,-3.785294740322022,-2.4652974833230186,2.0,2.0,2.0
276.0,2.0,255.0,783.0,-2.4487562357575574,2.882595796855638,2.0,2.0
920.0,5.0,783.0,926.0,939.0,1002.0,1012.0,3.1207974520476087,4.80564325846563,4.641583383059739,3.3386514555575864,-2.2141954026148287,2.0,2.0,2.0,2.0,2.0
274.0,2.0,257.0,364.0,-3.6903292451860854,3.1157597161235326,2.0,2.0
591.0,2.0,574.0,618.0,1.391240645916211,4.537441452967801,2.0,2.0
811.0,4.0,724.0,783.0,875.0,1177.0,2.6525390871310592,-3.091297131695391,1.1777735530382247,-1.5833646634834029,2.0,2.0,2.0,2.0
518.0,2.0,302.0,1177.0,1.9310906887244483,-2.242516873165225,2.0,2.0
1051.0,1.0,1046.0,-1.5589206061590644,2.0
1050.0,2.0,1046.0,1069.0,-4.905093586956473,-4.7770392804113495,2.0,2.0
120.0,11.0,83.0,104.0,107.0,110.0,257.0,302.0,611.0,633.0,926.0,939.0,1064.0,2.6289646856552293,1.928936568683771,1.529950539031932,-1.213708727147301,-3.902377456842315,-1.0457098345001241,4.082322994011105,1.5877865816015002,-1.318088330347023,-1.3584121369544215,3.688191229415658,2.0,2.0,2.0,2.0,2.0,2.0,2.0,2.0,2.0,2.0,2.0
820.0,1.0,783.0,-3.2336401061835196,2.0
978.0,4.0,926.0,939.0,1133.0,1141.0,1.1264217712816222,3.273676171464864,3.4366450574225724,4.846300577200326,2.0,2.0,2.0,2.0
838.0,1.0,783.0,-1.0599050408760777,2.0
440.0,1.0,302.0,-1.237532752023157,2.0
173.0,1.0,104.0,4.477954122186529,2.0
390.0,4.0,302.0,364.0,407.0,783.0,3.4228478290811153,-1.4626474876200533,3.911552633478046,3.5498491094888265,2.0,2.0,2.0,2.0
782.0,5.0,618.0,783.0,826.0,926.0,939.0,2.254780216089268,3.049633928099359,2.2068062985586128,-4.447291967902383,-4.377308055931289,2.0,2.0,2.0,2.0,2.0
258.0,2.0,257.0,364.0,-1.144135269714278,1.6990880166437599,2.0,2.0
396.0,1.0,364.0,2.6724368469920035,2.0
1185.0,1.0,1177.0,-2.12235990913933,2.0
964.0,3.0,926.0,939.0,956.0,4.105334726637785,2.093398831170364,2.5223314716811385,2.0,2.0,2.0
1119.0,2.0,1113.0,1148.0,1.813426496278391,-3.2801875123710706,2.0,2.0
900.0,5.0,783.0,926.0,939.0,1002.0,1012.0,4.958100331780109,3.5776622569480527,2.4639921058847234,1.4080781254552295,-4.151397779785684,2.0,2.0,2.0,2.0,2.0
458.0,1.0,364.0,1.398931788939016,2.0
189.0,1.0,188.0,-3.663436470236751,2.0
771.0,2.0,724.0,783.0,-2.1744672792136406,4.872817564362035,2.0,2.0
247.0,4.0,79.0,586.0,618.0,783.0,4.16336065290962,-1.3889717025296986,-2.768142550919701,-3.079809498283353,2.0,2.0,2.0,2.0
402.0,1.0,302.0,3.933156537266904,2.0
667.0,2.0,618.0,783.0,-3.9664124286092948,4.082176246465462,2.0,2.0
268.0,1.0,255.0,-1.3059470761211416,2.0
1075.0,1.0,1069.0,-4.983320013645595,2.0
364.0,3.0,364.0,926.0,939.0,-1.4701025716145506,4.9035354736741334,4.730244815429362,2.0,2.0,2.0
103.0,7.0,4.0,79.0,135.0,257.0,783.0,926.0,939.0,-4.718117267168762,3.67966618636364,-4.140611648092551,2.1269204230157963,-3.3456406647453067,1.2558210644839245,2.9425103837384916,2.0,2.0,2.0,2.0,2.0,2.0,2.0
448.0,1.0,302.0,-4.029456572950835,2.0
758.0,3.0,724.0,749.0,783.0,-3.8025333785621713,-4.367262957620341,3.266677357452138,2.0,2.0,2.0
57.0,1.0,51.0,1.5271914496175687,2.0
1017.0,1.0,1012.0,4.6076945305172705,2.0
716.0,3.0,618.0,926.0,939.0,-4.931705911983422,1.576234164363369,4.598606813310676,2.0,2.0,2.0
849.0,3.0,783.0,926.0,939.0,-1.5006466318453717,4.856839026464179,4.123540738512094,2.0,2.0,2.0
226.0,2.0,226.0,242.0,-2.2415233039192457,2.49213945552299,2.0,2.0
160.0,1.0,79.0,4.807497907330944,2.0
52.0,1.0,26.0,3.7698884774800794,2.0
600.0,1.0,586.0,2.032236850153629,2.0
953.0,3.0,926.0,939.0,961.0,1.7610420356933298,4.962156775684751,3.2859897858498224,2.0,2.0,2.0
370.0,1.0,359.0,4.237459885956794,2.0
830.0,3.0,783.0,866.0,888.0,3.303011380122209,-1.7445206653320096,1.0369919768947975,2.0,2.0,2.0
144.0,1.0,107.0,4.6159358197129485,2.0
507.0,1.0,504.0,1.2723723969684264,2.0
796.0,1.0,783.0,2.139118820123817,2.0
307.0,3.0,257.0,302.0,364.0,-1.4692622567327756,-2.0850083070474565,2.615170962669338,2.0,2.0,2.0
192.0,1.0,188.0,-3.218751234645676,2.0
176.0,2.0,80.0,251.0,1.1322983659020225,-1.0624242577873129,2.0,2.0
367.0,1.0,359.0,2.001592851414291,2.0
378.0,1.0,364.0,2.6121040096171546,2.0
583.0,2.0,566.0,581.0,2.3223852030368413,-1.2042122587676944,2.0,2.0
139.0,7.0,83.0,104.0,107.0,618.0,783.0,926.0,939.0,3.5822809778240154,1.1414497430219637,2.721609758032245,-3.040067409273001,-3.144709978813808,-3.7255700424153515,-2.1103843909270643,2.0,2.0,2.0,2.0,2.0,2.0,2.0
362.0,1.0,359.0,3.27287037467938,2.0
166.0,2.0,82.0,783.0,4.396153233714044,1.1332185061867848,2.0,2.0
454.0,1.0,364.0,4.30744641219478,2.0
326.0,3.0,257.0,302.0,364.0,-1.7983845684804574,-2.731936825124723,3.112936356714143,2.0,2.0,2.0
503.0,2.0,302.0,1064.0,-4.393381079160024,-2.9616796337451006,2.0,2.0
1132.0,2.0,1122.0,1132.0,-4.931213395871706,2.9978459564262985,2.0,2.0
341.0,3.0,257.0,302.0,364.0,-1.3254783954132212,-4.52758601238733,3.8784806313691527,2.0,2.0,2.0
214.0,2.0,80.0,465.0,1.950967304062555,3.009557829957046,2.0,2.0
788.0,3.0,724.0,749.0,783.0,-3.7909136071398373,-4.881501311348867,1.7011020782523607,2.0,2.0,2.0
644.0,2.0,618.0,783.0,4.52475300563776,4.665676042804422,2.0,2.0
177.0,2.0,80.0,251.0,2.7151828899929513,-1.2722962958988808,2.0,2.0
418.0,1.0,364.0,-3.130674349885443,2.0
353.0,3.0,257.0,302.0,364.0,-3.702756590577067,-1.9795579176803977,1.8658290437768392,2.0,2.0,2.0
455.0,2.0,364.0,485.0,-3.9022941364059576,-1.1542289842359934,2.0,2.0
969.0,2.0,926.0,939.0,2.4877391193962755,4.7778966577517386,2.0,2.0
1031.0,1.0,1031.0,4.27495633738916,2.0
42.0,1.0,26.0,1.977702368006411,2.0
188.0,1.0,188.0,-1.9842527399638579,2.0
823.0,1.0,783.0,3.0493965826223923,2.0
77.0,7.0,51.0,71.0,79.0,83.0,121.0,257.0,302.0,3.2764029544583733,2.6287331889039987,1.2766679818205522,-3.7897150925782546,2.8141707307122754,-3.8882223978813917,-4.465529303714517,2.0,2.0,2.0,2.0,2.0,2.0,2.0
712.0,4.0,618.0,783.0,926.0,939.0,3.4573851999185234,-1.885960715211831,1.1770078852610784,2.7250313873675927,2.0,2.0,2.0,2.0
547.0,1.0,542.0,-1.4143138537934887,2.0
1134.0,2.0,1133.0,1141.0,3.1834145409855927,4.756382838198156,2.0,2.0
766.0,3.0,719.0,756.0,1122.0,-4.156151565847461,-1.576960408086264,-4.3600667909411115,2.0,2.0,2.0
152.0,3.0,83.0,104.0,107.0,3.7601000807649094,3.798488217002067,2.3108816062284756,2.0,2.0,2.0
1150.0,1.0,1148.0,2.872885976872543,2.0
812.0,2.0,783.0,826.0,3.40073769592576,1.9000063787086483,2.0,2.0
350.0,3.0,257.0,302.0,364.0,-2.778349151245203,-2.3444090655995495,4.522712492188319,2.0,2.0,2.0
229.0,1.0,226.0,-2.7845420506368077,2.0
223.0,4.0,188.0,231.0,257.0,783.0,-2.0992942794703864,3.368921675047347,4.587044632897639,2.626933383342993,2.0,2.0,2.0,2.0
426.0,1.0,302.0,-4.116717733207336,2.0
95.0,3.0,51.0,71.0,83.0,2.854301697459243,2.1105148251789276,-3.347137385832675,2.0,2.0,2.0
325.0,4.0,257.0,302.0,926.0,939.0,3.238729623293792,4.093822177796122,2.8256382613562665,1.6134755114373829,2.0,2.0,2.0,2.0
627.0,2.0,618.0,783.0,-1.7729451698982244,3.741868583652468,2.0,2.0
196.0,2.0,188.0,364.0,-2.442182241943569,-4.3146276582229515,2.0,2.0
483.0,1.0,364.0,2.2166942295569863,2.0
663.0,2.0,611.0,633.0,-3.354648618725897,-1.1820428558503662,2.0,2.0
931.0,2.0,926.0,939.0,2.3340295827007305,3.289268063834502,2.0,2.0
906.0,7.0,364.0,724.0,783.0,875.0,926.0,939.0,1177.0,-2.7127946306981285,4.524266450706034,1.0291240557645,1.1336291704604804,3.3611196869152677,2.2457975821688025,-1.993106268078801,2.0,2.0,2.0,2.0,2.0,2.0,2.0
158.0,2.0,79.0,302.0,2.8325553090401714,3.3639366612947397,2.0,2.0
501.0,3.0,302.0,494.0,513.0,1.943336896422542,3.4819996011199508,-3.5584889718549664,2.0,2.0,2.0
490.0,1.0,465.0,3.0274518339492538,2.0
424.0,3.0,364.0,926.0,939.0,-3.926976741731571,-3.9101879653261187,-2.1596537983678217,2.0,2.0,2.0
745.0,3.0,724.0,749.0,783.0,-1.321794062149602,-3.4049110306980808,4.338345527884946,2.0,2.0,2.0
317.0,2.0,250.0,251.0,3.139667419708336,-2.616974471757035,2.0,2.0
34.0,1.0,26.0,2.4548430837704904,2.0
9.0,1.0,4.0,-4.854651042004117,2.0
386.0,1.0,364.0,1.8615928173729528,2.0
528.0,4.0,364.0,586.0,618.0,783.0,4.869351208147929,-4.444492032263147,-3.470627930276973,1.1716247616102327,2.0,2.0,2.0,2.0
828.0,5.0,618.0,783.0,826.0,926.0,939.0,3.0033127600064873,2.1459453932609693,2.140699712530289,-2.4237102048639367,-2.258931088001903,2.0,2.0,2.0,2.0,2.0
908.0,5.0,724.0,783.0,875.0,888.0,1020.0,-4.320786319340208,4.371739437205129,2.6585765966995503,2.6850935852656432,-4.7050635205623355,2.0,2.0,2.0,2.0,2.0
890.0,1.0,888.0,-1.922378546634886,2.0
492.0,3.0,302.0,494.0,513.0,4.753648086777543,1.914586203931782,-3.7085645764456965,2.0,2.0,2.0
231.0,1.0,231.0,-3.96039010247073,2.0
208.0,2.0,188.0,783.0,-3.9228363965099047,-4.526880849335359,2.0,2.0
1082.0,1.0,1077.0,-3.9251712368120795,2.0
1188.0,1.0,1177.0,-1.8428425703110785,2.0
574.0,1.0,302.0,-2.037509536566081,2.0
267.0,1.0,255.0,-2.7610550113179673,2.0
165.0,2.0,104.0,1077.0,2.696129007559368,2.034736267557631,2.0,2.0
770.0,3.0,724.0,783.0,790.0,-4.346188722476791,2.1122009532048884,3.1878002473782545,2.0,2.0,2.0
827.0,2.0,783.0,826.0,3.8050273897829094,1.2733455097553903,2.0,2.0
46.0,1.0,26.0,2.4749006826438564,2.0
108.0,1.0,82.0,3.5217917474671645,2.0
484.0,1.0,364.0,3.3642615233359607,2.0
464.0,3.0,257.0,618.0,888.0,-2.243359908573264,-3.8745055613646078,-2.343910169361021,2.0,2.0,2.0
984.0,3.0,926.0,939.0,992.0,2.4096284800375285,4.576690061171888,-1.7241666860837004,2.0,2.0,2.0
190.0,1.0,80.0,3.069234068809155,2.0
399.0,1.0,364.0,4.269356445846485,2.0
861.0,3.0,783.0,870.0,910.0,-1.6927729449143505,4.500798439345274,1.11061262602137,2.0,2.0,2.0
273.0,2.0,255.0,783.0,-3.959535671316404,4.59224942885494,2.0,2.0
86.0,7.0,80.0,83.0,104.0,107.0,109.0,110.0,113.0,-2.2471835279764103,3.785373955261838,2.5110073571699236,1.7184147102385392,-1.098714913565325,-1.2689985258529943,-3.717571093994269,2.0,2.0,2.0,2.0,2.0,2.0,2.0
408.0,4.0,257.0,364.0,926.0,939.0,-3.8418230380179663,-1.7080231262699836,-2.934072509709835,-1.5612640716936776,2.0,2.0,2.0,2.0
851.0,2.0,783.0,1077.0,1.6059440312247713,1.648291940119862,2.0,2.0
842.0,2.0,783.0,1177.0,-1.6410396805463803,-3.918445532141411,2.0,2.0
271.0,1.0,257.0,-1.2443141482671494,2.0
420.0,1.0,364.0,2.266170239569904,2.0
691.0,4.0,618.0,684.0,926.0,939.0,-2.221068039589156,4.772249042411117,4.962606770425598,1.7955688710697926,2.0,2.0,2.0,2.0
1102.0,2.0,1097.0,1148.0,4.71240708988473,3.6080514386744564,2.0,2.0
660.0,2.0,618.0,783.0,-1.910963973389146,-2.7871732814763246,2.0,2.0
522.0,2.0,302.0,1177.0,1.333163918875997,-1.2043019206770271,2.0,2.0
571.0,5.0,364.0,724.0,783.0,926.0,939.0,-4.887052304455804,2.4553791003665513,4.151663003815505,3.2211764298678385,2.5825346705029046,2.0,2.0,2.0,2.0,2.0
1193.0,1.0,1177.0,-1.5019539889456412,2.0
561.0,4.0,79.0,586.0,618.0,783.0,3.009812297251589,-1.6792780126868587,-1.5935157507095026,-4.093036504268093,2.0,2.0,2.0,2.0
996.0,5.0,783.0,926.0,939.0,1004.0,1005.0,4.505047753001252,2.015666667956756,1.3152094412378417,3.9946228839325584,2.651586467633286,2.0,2.0,2.0,2.0,2.0
944.0,3.0,926.0,939.0,949.0,4.589733306917038,2.67556970607366,4.642900939371362,2.0,2.0,2.0
1079.0,1.0,1077.0,4.254326726604248,2.0
927.0,2.0,926.0,939.0,-3.1166970788506263,-3.1712258750112543,2.0,2.0
1199.0,1.0,1177.0,-1.5508993831119025,2.0
457.0,2.0,364.0,465.0,1.171696762435328,2.332288137897275,2.0,2.0
674.0,4.0,618.0,684.0,926.0,939.0,-2.3946607908734707,4.39533210241764,4.219513794216955,4.9934195083970785,2.0,2.0,2.0,2.0
937.0,3.0,926.0,939.0,1012.0,4.6405255485338675,3.1377281126614385,1.0627044641996557,2.0,2.0,2.0
540.0,6.0,364.0,618.0,724.0,783.0,926.0,939.0,4.167045684721483,-1.4326620979053506,2.5692757602618377,-1.8848725109263693,-3.734905789104185,-1.4097851270877215,2.0,2.0,2.0,2.0,2.0,2.0
1162.0,1.0,1148.0,2.1480808853639375,2.0
792.0,1.0,783.0,3.4387458605884853,2.0
841.0,3.0,783.0,866.0,888.0,1.2415179281023856,-3.4590510024659467,4.777616485878225,2.0,2.0,2.0
645.0,2.0,611.0,633.0,-2.0862043816991256,-3.430181439163177,2.0,2.0
913.0,5.0,888.0,910.0,926.0,939.0,1177.0,4.823649237240819,3.340204041695478,4.869602406982618,4.846424462426649,-3.60080134333439,2.0,2.0,2.0,2.0,2.0
735.0,1.0,731.0,-4.19010544347176,2.0
281.0,1.0,257.0,3.428997496046164,2.0
136.0,1.0,80.0,1.1784492050164563,2.0
526.0,4.0,364.0,586.0,618.0,783.0,3.557851097896041,-3.082711165930214,2.591674459339751,4.0980038195368085,2.0,2.0,2.0,2.0
327.0,1.0,251.0,-2.3977611681941395,2.0
169.0,2.0,79.0,1148.0,1.0653140107348316,1.7409293009447357,2.0,2.0
843.0,3.0,783.0,926.0,939.0,3.4363755917741736,1.7404655555169222,1.0248136588374641,2.0,2.0,2.0
236.0,2.0,205.0,618.0,-4.516939052125308,3.174712215312381,2.0,2.0
171.0,1.0,121.0,1.3984597208850853,2.0
852.0,3.0,783.0,926.0,939.0,-4.853879978980743,2.219856731830889,4.7657571667357725,2.0,2.0,2.0
743.0,2.0,724.0,783.0,-1.3764897443420678,2.9743141245847067,2.0,2.0
78.0,7.0,51.0,71.0,79.0,83.0,121.0,257.0,302.0,4.902086020011543,4.423213369570444,1.0468563367400079,-2.4399122579134556,3.919962249696232,-1.686518709045762,-3.084146424816517,2.0,2.0,2.0,2.0,2.0,2.0,2.0
610.0,6.0,364.0,618.0,724.0,783.0,926.0,939.0,4.025148926004463,-1.3351654116403382,3.064494802964372,-1.8794431065664279,-2.097182815371006,-3.807361931777665,2.0,2.0,2.0,2.0,2.0,2.0
881.0,4.0,724.0,783.0,875.0,888.0,-1.197141036294234,4.733823564594873,2.0114155109930447,4.031296430763562,2.0,2.0,2.0,2.0
1133.0,4.0,79.0,302.0,1133.0,1141.0,1.5451693403905744,-3.74516424148432,3.4083020887791924,3.3616859001210537,2.0,2.0,2.0,2.0
213.0,3.0,82.0,1097.0,1148.0,2.7971665947509523,2.217873629509278,4.356756489034609,2.0,2.0,2.0
550.0,2.0,542.0,543.0,-3.3526058417411972,-4.935415318726466,2.0,2.0
342.0,2.0,302.0,783.0,-4.865559885751574,3.0305421889630595,2.0,2.0
629.0,1.0,618.0,-1.5366945523131506,2.0
777.0,1.0,756.0,-1.0532644529858692,2.0
706.0,4.0,364.0,618.0,731.0,783.0,1.94388154096628,-1.6123875873428912,-1.7900764273843417,3.1132605082294025,2.0,2.0,2.0,2.0
11.0,1.0,4.0,-4.166900152330658,2.0
1097.0,2.0,1097.0,1148.0,3.95329902719444,2.037366031948102,2.0,2.0
555.0,4.0,364.0,542.0,543.0,888.0,3.241802354839121,-3.672872918171084,-2.1468667321615773,-1.0778498692372014,2.0,2.0,2.0,2.0
1186.0,1.0,1177.0,-2.5445535193993027,2.0
662.0,6.0,364.0,618.0,724.0,783.0,926.0,939.0,2.975781022648805,-4.718474957787018,3.6688588271466998,-4.19231607902399,-3.203975880741945,-4.92186583536252,2.0,2.0,2.0,2.0,2.0,2.0
1139.0,2.0,1133.0,1141.0,2.9282474110709393,2.8124430651409,2.0,2.0
36.0,1.0,26.0,2.7544060538492814,2.0
1122.0,1.0,1122.0,-2.7375290048855603,2.0
928.0,2.0,926.0,939.0,3.856215140295545,3.0662237643967845,2.0,2.0
1180.0,1.0,1177.0,-3.0416024435961124,2.0
775.0,3.0,719.0,804.0,1088.0,-3.491873291913217,-4.823847002833006,-4.833117335368423,2.0,2.0,2.0
197.0,2.0,188.0,250.0,-4.699867647812768,1.1840292435491877,2.0,2.0
734.0,1.0,719.0,-1.8258056449852589,2.0
338.0,1.0,302.0,4.882925771082531,2.0
991.0,3.0,926.0,939.0,1007.0,-4.284950403796444,-1.5997655584866486,-4.016361464994869,2.0,2.0,2.0
965.0,3.0,926.0,939.0,992.0,2.914303433927399,3.3004444658799366,-4.9844017612049525,2.0,2.0,2.0
180.0,1.0,121.0,1.048144891590617,2.0
1096.0,2.0,1088.0,1103.0,-3.16418239821986,2.202907623138561,2.0,2.0
684.0,2.0,364.0,684.0,-4.916043676003291,-4.595300877207269,2.0,2.0
1118.0,2.0,1113.0,1148.0,4.672017608156587,-4.197222566906238,2.0,2.0
1036.0,1.0,1033.0,-2.4250127101515977,2.0
556.0,2.0,542.0,1177.0,-2.596889534631637,-2.234111838217602,2.0,2.0
909.0,7.0,364.0,724.0,783.0,875.0,926.0,939.0,1177.0,-3.647054378417642,1.321868735916555,3.1687478163698732,2.424029038539628,4.949739958865452,1.0546216258491703,-3.448723492282232,2.0,2.0,2.0,2.0,2.0,2.0,2.0
185.0,2.0,4.0,364.0,-4.957639109137726,1.2612168286071208,2.0,2.0
461.0,2.0,302.0,573.0,-2.3210681427875968,4.255520567682543,2.0,2.0
256.0,1.0,242.0,4.693224271556653,2.0
147.0,1.0,83.0,4.528165640919559,2.0
17.0,2.0,4.0,26.0,4.1126270037994015,4.480048592987277,2.0,2.0
1055.0,2.0,1046.0,1069.0,-2.463568581427736,-3.9733609025946586,2.0,2.0
575.0,2.0,566.0,618.0,-4.032774865415295,-2.8395008295780837,2.0,2.0
111.0,3.0,79.0,83.0,188.0,2.172081138031187,-4.395774221251672,-3.4715067676700953,2.0,2.0,2.0
74.0,3.0,51.0,71.0,83.0,1.4009075492492045,4.677930454978695,-3.8569651981964457,2.0,2.0,2.0
138.0,5.0,83.0,104.0,107.0,122.0,364.0,1.307825787946531,3.075340595326104,2.2272403981807845,-3.310171795325502,4.837733363333701,2.0,2.0,2.0,2.0,2.0
363.0,2.0,302.0,355.0,-1.9862277592446245,3.385732261398491,2.0,2.0
537.0,8.0,302.0,364.0,719.0,724.0,783.0,875.0,926.0,939.0,-1.4420891762106423,-3.523327233639215,-4.991976003742634,4.951556677334104,3.4132919691629784,1.5120834818032667,3.332771323962113,1.0082585422976869,2.0,2.0,2.0,2.0,2.0,2.0,2.0,2.0
1068.0,6.0,573.0,1064.0,1113.0,1133.0,1141.0,1148.0,-4.860465299677879,4.1860490229550145,3.234923963225956,-2.322468285245118,-4.380951984014043,-2.8217455578576187,2.0,2.0,2.0,2.0,2.0,2.0
578.0,2.0,542.0,543.0,-4.446363855702254,-2.436388350921185,2.0,2.0
940.0,3.0,926.0,939.0,949.0,4.92063614976397,2.690440295324194,2.306540918504031,2.0,2.0,2.0
657.0,2.0,618.0,790.0,-2.49765593551896,2.4152761302905636,2.0,2.0
698.0,3.0,618.0,685.0,703.0,-3.0261267304904953,-3.5178449080366088,-3.928568876558806,2.0,2.0,2.0
515.0,1.0,503.0,1.0540348265068755,2.0
67.0,4.0,26.0,64.0,80.0,618.0,4.524412788444646,-3.325091490543435,4.526941447419411,3.7701263603110635,2.0,2.0,2.0,2.0
1022.0,1.0,1020.0,-4.478405663997159,2.0
471.0,2.0,364.0,485.0,-4.414424169185088,-4.557791635263467,2.0,2.0
886.0,6.0,724.0,783.0,875.0,880.0,926.0,939.0,-2.2700147967467417,-3.3823400785446522,-2.946424365125835,3.7702185074525083,4.278759222298141,2.9537698669211037,2.0,2.0,2.0,2.0,2.0,2.0
446.0,2.0,302.0,783.0,3.266024427956651,2.4716699512714935,2.0,2.0
1136.0,2.0,1133.0,1141.0,1.6164686775092791,1.9799608396198018,2.0,2.0
633.0,1.0,364.0,3.1359116945151833,2.0
504.0,1.0,504.0,1.7413943479175313,2.0
946.0,3.0,926.0,939.0,1012.0,4.331953904222571,3.258388438562886,1.363877357182254,2.0,2.0,2.0
310.0,4.0,257.0,302.0,926.0,939.0,3.55674759690157,2.5966445810190923,2.727040510617277,3.458110799241283,2.0,2.0,2.0,2.0
1167.0,1.0,1148.0,2.8470305190117884,2.0
925.0,4.0,910.0,926.0,939.0,1177.0,1.3122994167132171,2.292860804778921,4.653568633828628,-1.8040219267236228,2.0,2.0,2.0,2.0
762.0,6.0,364.0,724.0,783.0,888.0,926.0,939.0,-2.7273706025988247,-2.282991664179784,1.2964980716520964,-4.377881969674938,-4.086411226777399,-3.175685999211939,2.0,2.0,2.0,2.0,2.0,2.0
801.0,1.0,783.0,4.786228344296006,2.0
71.0,5.0,64.0,71.0,79.0,302.0,783.0,-1.541896256889801,-2.193129303824123,3.2798596428050595,-3.363491044992693,-3.2973009953983152,2.0,2.0,2.0,2.0,2.0
263.0,1.0,257.0,-2.7855776619328116,2.0
748.0,3.0,724.0,783.0,875.0,-4.224496605761777,1.429204126062018,-1.0362399980895396,2.0,2.0,2.0
1191.0,1.0,1177.0,-1.4500518307973538,2.0
952.0,3.0,926.0,939.0,992.0,3.0021498352125437,1.9381996082681234,-2.348596454659806,2.0,2.0,2.0
61.0,1.0,51.0,3.7112661471849204,2.0
521.0,4.0,302.0,618.0,719.0,783.0,-2.674547454280106,1.0212401904586712,1.0454205140487702,3.0448871502947465,2.0,2.0,2.0,2.0
482.0,2.0,364.0,524.0,-3.1396327935328054,2.1609921702397137,2.0,2.0
375.0,3.0,257.0,302.0,364.0,-2.1542798306067823,-4.497599668299369,1.449709268849245,2.0,2.0,2.0
676.0,3.0,618.0,685.0,703.0,-1.5099955270799539,-4.362563632801912,-1.239031671841576,2.0,2.0,2.0
58.0,3.0,26.0,926.0,939.0,3.865308816474262,2.1576243717888044,1.7327654480284673,2.0,2.0,2.0
72.0,4.0,26.0,64.0,80.0,618.0,3.6128032794285345,-3.6084130800067555,2.725673741735896,4.586186383404252,2.0,2.0,2.0,2.0
586.0,2.0,586.0,783.0,-4.324124455981513,3.6421447085781606,2.0,2.0
394.0,2.0,302.0,364.0,1.1973957871537588,2.1715542601080586,2.0,2.0
252.0,1.0,251.0,-4.487142939021972,2.0
690.0,4.0,618.0,684.0,926.0,939.0,-4.661630595407202,1.5863349446042267,4.676684002895199,2.6465058380337467,2.0,2.0,2.0,2.0
345.0,1.0,255.0,-4.509595156696479,2.0
1158.0,1.0,1148.0,3.584724102393309,2.0
714.0,5.0,618.0,783.0,826.0,926.0,939.0,4.313921962071406,4.410756022969077,1.1311036051734535,-1.9766281353475175,-2.356378353909612,2.0,2.0,2.0,2.0,2.0
868.0,1.0,866.0,2.668118964767974,2.0
278.0,2.0,257.0,364.0,-4.918107717341835,1.698633541580023,2.0,2.0
1196.0,1.0,1177.0,-2.476644780424879,2.0
275.0,2.0,257.0,475.0,-2.217785457389513,4.991849005314694,2.0,2.0
301.0,2.0,257.0,302.0,4.743328320867154,-4.933704969042568,2.0,2.0
51.0,9.0,51.0,64.0,71.0,79.0,121.0,302.0,364.0,618.0,783.0,3.9570543175932067,-1.1567511690172827,-2.1312278503056383,1.4807862448526756,-2.1845607900885797,-1.4749108758169762,-2.271932717575904,2.65705197805868,-1.2565899853951374,2.0,2.0,2.0,2.0,2.0,2.0,2.0,2.0,2.0
131.0,1.0,104.0,2.0376902573814197,2.0
299.0,1.0,255.0,-1.4280165607751663,2.0
864.0,3.0,783.0,926.0,939.0,-3.007092522799781,4.246073882487533,2.904335943872928,2.0,2.0,2.0
915.0,7.0,364.0,724.0,783.0,875.0,926.0,939.0,1177.0,-1.4082869164766074,4.0277413004842195,2.358604095410139,3.551874178962804,3.4151316153702624,2.5433118789701266,-3.1262708889695943,2.0,2.0,2.0,2.0,2.0,2.0,2.0
198.0,2.0,80.0,586.0,1.930507971319062,-2.394077477970253,2.0,2.0
525.0,4.0,364.0,724.0,875.0,1177.0,-3.766032431326141,1.4356149553653048,2.058598392011201,-4.900378720848186,2.0,2.0,2.0,2.0
670.0,6.0,364.0,618.0,724.0,783.0,926.0,939.0,1.2953051262569941,-2.963865542161898,3.8702380008501036,-3.952606182764226,-4.625976500951683,-4.199461742329244,2.0,2.0,2.0,2.0,2.0,2.0
381.0,1.0,364.0,1.0021838595879826,2.0
932.0,3.0,926.0,939.0,1012.0,4.579478960803929,1.7051265605600592,2.118715190396881,2.0,2.0,2.0
244.0,4.0,80.0,566.0,618.0,1064.0,3.588786615576144,-3.4015689483905582,-3.3549584398811527,-4.85108127936097,2.0,2.0,2.0,2.0
899.0,3.0,783.0,870.0,910.0,-4.633092345661657,2.636086046371499,2.328995665770988,2.0,2.0,2.0
178.0,2.0,135.0,188.0,2.0077639529843716,-1.8846436613843354,2.0,2.0
414.0,1.0,355.0,1.5912053362615617,2.0
460.0,3.0,257.0,926.0,939.0,-4.280089743479007,2.1927494386522564,1.6037395892441664,2.0,2.0,2.0
33.0,1.0,26.0,2.2617134036967355,2.0
1168.0,1.0,1148.0,-2.7373804407939284,2.0
819.0,2.0,783.0,826.0,3.8355315970433654,1.4510060396146334,2.0,2.0
653.0,2.0,618.0,783.0,-2.77149209848885,4.592351020507934,2.0,2.0
163.0,2.0,64.0,163.0,-1.6376578537958237,-3.5155937562468016,2.0,2.0
799.0,2.0,783.0,1177.0,-1.7250706485913696,-2.605552986498882,2.0,2.0
1099.0,2.0,1097.0,1148.0,1.275111390735375,1.0431110540227726,2.0,2.0
871.0,6.0,724.0,783.0,875.0,880.0,926.0,939.0,-3.904973125224508,-2.899486802856036,-4.616203277741127,1.1408792183016283,1.7226424861625373,2.3540579710805707,2.0,2.0,2.0,2.0,2.0,2.0
970.0,3.0,926.0,939.0,1007.0,-3.913515985307473,-3.0669548592721934,-4.108770913613762,2.0,2.0,2.0
382.0,1.0,364.0,2.701606901420219,2.0
1074.0,1.0,1069.0,-3.4459412956658784,2.0
765.0,2.0,724.0,783.0,-2.4743956797743016,1.8771175408122702,2.0,2.0
1182.0,1.0,1148.0,1.8885596870448529,2.0
1138.0,2.0,1133.0,1141.0,1.930407509828337,2.95690199724375,2.0,2.0
532.0,3.0,364.0,618.0,719.0,-3.2097562359665326,-2.183799334355711,-4.717166686279134,2.0,2.0,2.0
1121.0,1.0,1113.0,2.4121455617900365,2.0
442.0,1.0,442.0,4.6741858047614,2.0
385.0,1.0,364.0,4.729575755841978,2.0
905.0,5.0,783.0,926.0,939.0,1002.0,1012.0,1.8991093135706585,4.390957326381392,3.2455948703644966,3.8529840521627063,-4.92745686805321,2.0,2.0,2.0,2.0,2.0
1125.0,2.0,1122.0,1132.0,-4.012169560276131,1.023755014732279,2.0,2.0
1131.0,2.0,1122.0,1132.0,-3.953609764061668,3.3528071083153415,2.0,2.0
365.0,1.0,364.0,2.567187754258663,2.0
38.0,1.0,26.0,1.4081792429921123,2.0
1015.0,1.0,1012.0,3.5974909225175433,2.0
917.0,5.0,724.0,783.0,875.0,888.0,1020.0,-4.808863259040448,3.112327711637545,4.205093679439687,1.2011642525895563,-2.683640542948364,2.0,2.0,2.0,2.0,2.0
1045.0,1.0,1030.0,3.0027080853046257,2.0
958.0,3.0,926.0,939.0,949.0,3.4911559764169007,4.352908177815719,4.741971055485686,2.0,2.0,2.0
287.0,1.0,257.0,2.3735669151636642,2.0
374.0,3.0,257.0,302.0,364.0,-4.079868745000356,-2.429698606378852,3.486661745813031,2.0,2.0,2.0
201.0,2.0,135.0,202.0,-4.875886818681407,-4.619793382199708,2.0,2.0
1108.0,1.0,1105.0,2.495362277036848,2.0
430.0,1.0,364.0,1.566025942487601,2.0
993.0,3.0,926.0,939.0,995.0,3.8763080942201182,3.2382821364791368,-3.338578391151456,2.0,2.0,2.0
761.0,3.0,724.0,783.0,875.0,-4.0378010058305716,1.7128038197570725,-1.684688192620634,2.0,2.0,2.0
508.0,2.0,364.0,524.0,-4.775403429403278,4.859699763393758,2.0,2.0
260.0,1.0,257.0,-2.2001156779037183,2.0
517.0,1.0,504.0,4.2948706880926775,2.0
344.0,3.0,257.0,302.0,364.0,-4.723274869191893,-3.083045748967442,2.0688281274492746,2.0,2.0,2.0
323.0,1.0,302.0,-1.2645978484678189,2.0
41.0,3.0,4.0,26.0,302.0,-3.6124333018615937,2.0131664101591284,2.865243091425225,2.0,2.0,2.0
740.0,1.0,719.0,-1.6907867446201972,2.0
125.0,1.0,64.0,-2.20639453792377,2.0
26.0,2.0,26.0,364.0,1.0751592017454206,3.4705419883035082,2.0,2.0
642.0,2.0,618.0,719.0,-3.4611057065403887,4.169995622435666,2.0,2.0
1064.0,2.0,926.0,939.0,-3.742050876183105,-3.864095683534308,2.0,2.0
1001.0,5.0,783.0,926.0,939.0,1004.0,1005.0,3.2340923897289793,1.0681628721912109,3.23618723454379,3.0448125873585496,4.17563353239504,2.0,2.0,2.0,2.0,2.0
88.0,7.0,4.0,64.0,96.0,188.0,364.0,926.0,939.0,-1.0826039978629147,4.033514615344566,-2.2800686032898714,-2.533855576687592,3.353268454214423,4.324193820944762,3.515927374364595,2.0,2.0,2.0,2.0,2.0,2.0,2.0
129.0,5.0,83.0,104.0,107.0,134.0,618.0,2.1340753863286666,2.519707823600482,1.7246038469476122,4.154182049226074,-1.2273923057329612,2.0,2.0,2.0,2.0,2.0
539.0,5.0,226.0,542.0,926.0,939.0,1148.0,-3.553560423107794,-2.1234379785289708,4.791287548446358,3.914234919797947,2.3186046303256505,2.0,2.0,2.0,2.0,2.0
1078.0,1.0,1077.0,4.65759554719154,2.0
467.0,1.0,355.0,1.6494317916506671,2.0
1042.0,1.0,1038.0,-3.800815074939745,2.0
164.0,2.0,83.0,164.0,2.5937370344787083,-1.2508518080933828,2.0,2.0
592.0,1.0,586.0,4.076622099954364,2.0
994.0,5.0,783.0,926.0,939.0,1004.0,1005.0,1.3650828834271125,3.401884172961521,2.526088828283329,4.470323405366588,2.252395526943961,2.0,2.0,2.0,2.0,2.0
557.0,6.0,364.0,573.0,724.0,783.0,926.0,939.0,-4.768738876072192,4.553060162176174,4.441242713373678,3.611999043780972,2.3771566587957556,3.195397069597219,2.0,2.0,2.0,2.0,2.0,2.0
288.0,2.0,257.0,364.0,-3.364107603481965,3.636705887400113,2.0,2.0
200.0,1.0,188.0,-4.94196571057319,2.0
665.0,5.0,576.0,618.0,719.0,926.0,939.0,-3.8402332200627547,-4.1594780124365,2.269040788999931,4.917080960143274,3.5986259809433423,2.0,2.0,2.0,2.0,2.0
114.0,2.0,83.0,104.0,2.9134812281599523,2.989565461994651,2.0,2.0
825.0,2.0,783.0,888.0,-3.1976743331992634,3.818574795306408,2.0,2.0
270.0,2.0,257.0,364.0,-1.158462090318071,1.239777192998293,2.0,2.0
70.0,1.0,26.0,2.7150748037830645,2.0
959.0,3.0,926.0,939.0,992.0,1.567945901701055,2.037495274107998,-2.7098456227730234,2.0,2.0,2.0
1153.0,1.0,1148.0,-2.730386572271459,2.0
902.0,5.0,783.0,910.0,926.0,939.0,1177.0,4.68766319699426,1.8691025201120333,1.459697399952928,3.8962901056362544,-1.8135833679947826,2.0,2.0,2.0,2.0,2.0
398.0,1.0,364.0,1.4288429817141841,2.0
718.0,3.0,618.0,719.0,783.0,-1.4382787681667573,3.2633803816748435,-2.6809341458906144,2.0,2.0,2.0
914.0,5.0,888.0,910.0,926.0,939.0,1177.0,3.0236319364723547,2.8640869753041973,4.5615142444631305,1.113026731887027,-1.4552327920942862,2.0,2.0,2.0,2.0,2.0
874.0,4.0,724.0,783.0,875.0,888.0,-3.286200781667737,4.934221672684881,1.0063782824171783,1.5818005627954639,2.0,2.0,2.0,2.0
183.0,2.0,104.0,1038.0,4.961380006243576,-2.6362163814922464,2.0,2.0
702.0,2.0,618.0,724.0,-3.69204053533936,-4.207263468238779,2.0,2.0
1128.0,2.0,1122.0,1132.0,-3.4366562113193075,4.103833767525439,2.0,2.0
121.0,1.0,121.0,-1.981468839411379,2.0
1043.0,1.0,1038.0,-4.433910274407417,2.0
1021.0,2.0,1002.0,1012.0,3.6487346113766788,3.3239832746929587,2.0,2.0
1086.0,1.0,1077.0,-2.790013759912808,2.0
701.0,6.0,364.0,618.0,724.0,783.0,926.0,939.0,-1.1710525517911954,1.0014693750058314,-2.094930517553857,2.8483901185097995,3.5534515800027093,1.4070810661781792,2.0,2.0,2.0,2.0,2.0,2.0
403.0,5.0,257.0,364.0,719.0,724.0,783.0,-2.6389048225229743,2.4940440566227347,-3.062553386605007,-4.556239812758914,3.9491143188566715,2.0,2.0,2.0,2.0,2.0
693.0,2.0,618.0,724.0,-3.603656015430023,-4.309252911103399,2.0,2.0
977.0,3.0,926.0,939.0,992.0,3.1063370399913515,4.54673288338981,-4.323635191110304,2.0,2.0,2.0
638.0,2.0,618.0,724.0,-2.9587396494581966,-1.5267491272578275,2.0,2.0
481.0,2.0,465.0,783.0,4.999234312467861,1.7890378972029506,2.0,2.0
409.0,1.0,364.0,2.4359811133585283,2.0
391.0,1.0,364.0,4.247754246764077,2.0
411.0,1.0,364.0,4.693221230234833,2.0
1149.0,1.0,1148.0,-4.7856620356308746,2.0
1083.0,1.0,1077.0,4.385704655915459,2.0
756.0,1.0,756.0,-3.6638396747762276,2.0
393.0,1.0,364.0,4.659452351333531,2.0
573.0,1.0,80.0,4.665361319346297,2.0
604.0,2.0,574.0,618.0,4.241208326172929,3.310360360173395,2.0,2.0
533.0,8.0,302.0,364.0,719.0,724.0,783.0,875.0,926.0,939.0,-2.063622509347164,-4.31258645286678,-4.940434717348528,4.133586582059223,3.075959681545727,1.2642970554066877,2.889655156684292,2.7530237878868142,2.0,2.0,2.0,2.0,2.0,2.0,2.0,2.0
1106.0,1.0,1105.0,1.7969125856967167,2.0
1002.0,2.0,26.0,1012.0,2.6941992672615886,3.213801718679545,2.0,2.0
641.0,2.0,618.0,783.0,4.631593830042513,3.8362032392621783,2.0,2.0
1084.0,2.0,1077.0,1085.0,1.2327056095068456,-4.099215428644604,2.0,2.0
809.0,2.0,783.0,1033.0,2.8166610733935924,-4.460845851642517,2.0,2.0
433.0,1.0,364.0,3.484676989468219,2.0
1039.0,1.0,1033.0,-3.1052864478053253,2.0
292.0,3.0,257.0,302.0,364.0,-3.5503307781231714,-4.252215452989843,4.90490265381528,2.0,2.0,2.0
795.0,1.0,783.0,2.285687701102659,2.0
220.0,2.0,205.0,618.0,-2.669945499184047,1.5251573138930241,2.0,2.0
475.0,1.0,475.0,2.2893341521864725,2.0
466.0,2.0,364.0,485.0,-1.8706513738309538,-4.895274787383933,2.0,2.0
234.0,2.0,79.0,1148.0,3.8421136108893825,1.819694747838807,2.0,2.0
1030.0,2.0,1030.0,1031.0,3.0267553756592824,1.4605514007057274,2.0,2.0
646.0,2.0,618.0,655.0,-3.1063361152818767,-3.15178311660761,2.0,2.0
945.0,2.0,926.0,939.0,-3.014111279129608,-3.4833662497699063,2.0,2.0
296.0,1.0,257.0,-1.250544012239239,2.0
1117.0,1.0,1105.0,2.165446114503968,2.0
230.0,2.0,226.0,242.0,-1.4185115549698963,2.3939039561339883,2.0,2.0
159.0,2.0,82.0,783.0,4.430890576774218,2.8288938134154282,2.0,2.0
1192.0,1.0,1177.0,-3.163580649826783,2.0
59.0,2.0,4.0,364.0,-3.3460517392403326,1.0804301847499742,2.0,2.0
232.0,1.0,231.0,3.7220579245713035,2.0
248.0,4.0,79.0,586.0,618.0,783.0,3.77582564373819,-1.3635429281296378,-1.9110380061514438,-2.6412062507605025,2.0,2.0,2.0,2.0
505.0,1.0,503.0,4.9832611718385404,2.0
1126.0,1.0,1122.0,2.738530097564202,2.0
585.0,6.0,364.0,573.0,724.0,783.0,926.0,939.0,-2.325075521170905,2.2813051460433265,4.787228683778089,4.3806163479828815,2.531056876971086,1.0990762321569947,2.0,2.0,2.0,2.0,2.0,2.0
329.0,1.0,251.0,-4.004086595425594,2.0
496.0,3.0,302.0,504.0,783.0,-1.8976544476833608,4.814702785709252,3.3292789322082212,2.0,2.0,2.0
1044.0,2.0,1033.0,1054.0,-1.98982874432732,-2.2600983084586272,2.0,2.0
514.0,3.0,302.0,494.0,513.0,2.9012991288483296,4.876823486870741,-2.062530190165789,2.0,2.0,2.0
768.0,3.0,724.0,783.0,875.0,-3.5110228646519177,4.619929278313366,-3.994889225634553,2.0,2.0,2.0
172.0,1.0,121.0,4.781206133916318,2.0
90.0,1.0,82.0,4.789482361955697,2.0
822.0,3.0,783.0,866.0,888.0,3.875515661085698,-4.302723284077798,3.987335243741426,2.0,2.0,2.0
754.0,1.0,719.0,-4.54852617372563,2.0
960.0,3.0,926.0,939.0,992.0,1.0036131420849985,1.2792572118387797,-1.9059651117640866,2.0,2.0,2.0
1049.0,2.0,1046.0,1069.0,-2.624149210131074,-2.817545192399752,2.0,2.0
659.0,3.0,618.0,724.0,783.0,1.774493161609986,1.448999970349544,1.169456188365773,2.0,2.0,2.0
300.0,3.0,257.0,302.0,364.0,-3.358778892054203,-3.981592295789172,4.39260152138794,2.0,2.0,2.0
595.0,7.0,364.0,586.0,618.0,783.0,926.0,939.0,1177.0,4.098990456769995,-4.976932332883049,3.4590795445771954,-1.1485184155657913,-1.0570060606011835,-2.368415500815155,-4.2938868762701485,2.0,2.0,2.0,2.0,2.0,2.0,2.0
389.0,1.0,364.0,-1.6365849477689713,2.0
829.0,5.0,618.0,783.0,826.0,926.0,939.0,3.3144399204684007,3.734406001414228,2.074997548306942,-1.5190504902735253,-1.2352348837378484,2.0,2.0,2.0,2.0,2.0
477.0,3.0,257.0,302.0,364.0,-3.91931054211707,-1.276730635169558,4.516693350749618,2.0,2.0,2.0
850.0,3.0,783.0,870.0,910.0,-1.6652984548785548,3.2107458844328556,2.655072832269107,2.0,2.0,2.0
976.0,3.0,926.0,939.0,992.0,1.753598091131217,2.7433648525532437,-3.9543688849717644,2.0,2.0,2.0
429.0,1.0,364.0,3.943575587230932,2.0
283.0,1.0,250.0,3.058050973195027,2.0
312.0,5.0,302.0,303.0,359.0,361.0,364.0,-3.905369857671341,-3.1476920043295618,1.441908443966979,2.6201424531877997,-2.6214943313942243,2.0,2.0,2.0,2.0,2.0
187.0,2.0,135.0,257.0,-1.965674480306296,3.650018286130704,2.0,2.0
844.0,2.0,783.0,826.0,1.0371378020237083,3.1283696366881144,2.0,2.0
650.0,2.0,618.0,783.0,-4.076187977280562,-3.711579878474085,2.0,2.0
495.0,3.0,364.0,926.0,939.0,-4.5180859320949205,-3.0803256665426924,-1.1226441933028717,2.0,2.0,2.0
713.0,1.0,713.0,-3.6905085570298475,2.0
879.0,5.0,618.0,783.0,826.0,926.0,939.0,1.9549553630827972,4.775310356292594,3.7471334705731563,-2.150301531430286,-4.075995690823426,2.0,2.0,2.0,2.0,2.0
580.0,7.0,257.0,573.0,584.0,926.0,939.0,1064.0,1148.0,4.144753997860243,-3.9920911973730795,4.174269472193408,2.2026046347870674,4.203194396270524,3.1953853138646693,-2.893304801796573,2.0,2.0,2.0,2.0,2.0,2.0,2.0
10.0,1.0,4.0,-2.533766075303111,2.0
224.0,2.0,51.0,618.0,3.2083131067678834,-2.0866110704245835,2.0,2.0
856.0,3.0,783.0,926.0,939.0,4.766968573062067,3.8841736337299584,2.19188105662772,2.0,2.0,2.0
1011.0,5.0,926.0,939.0,1020.0,1077.0,1177.0,2.0409863091670433,1.6171111106320142,2.2484840611267995,2.0318351127916747,-4.027331041894051,2.0,2.0,2.0,2.0,2.0
832.0,1.0,783.0,4.371684448509941,2.0
639.0,2.0,618.0,724.0,-2.5880546671105336,-3.8176061576046947,2.0,2.0
869.0,4.0,618.0,783.0,926.0,939.0,2.7072780604421633,-2.0724370596501562,-1.52638740146676,-1.1568421568555882,2.0,2.0,2.0,2.0
536.0,4.0,364.0,542.0,543.0,888.0,4.265457222079425,-3.2103253300420183,-4.407234331028972,-4.849580295243202,2.0,2.0,2.0,2.0
444.0,3.0,257.0,926.0,939.0,-1.463593875303519,4.599466972000121,1.2275090365814219,2.0,2.0,2.0
724.0,2.0,783.0,888.0,-1.1317817941249295,2.2407819929768125,2.0,2.0
333.0,1.0,302.0,-4.037129806866672,2.0
259.0,2.0,251.0,1077.0,-2.556538708404743,4.808570789181683,2.0,2.0
941.0,3.0,926.0,939.0,956.0,4.286687737718273,3.1916267974321255,3.7293063162502356,2.0,2.0,2.0
206.0,2.0,135.0,542.0,1.9336810218723852,-3.759073060311002,2.0,2.0
1151.0,1.0,1148.0,-2.344492345461906,2.0
468.0,3.0,257.0,926.0,939.0,-2.1633636266269702,1.7191811633341665,2.382022625425338,2.0,2.0,2.0
1065.0,1.0,1064.0,4.4486650681681095,2.0
452.0,3.0,257.0,926.0,939.0,-3.6292756664685673,3.0693043340643205,2.939862580632282,2.0,2.0,2.0
412.0,2.0,302.0,1012.0,-2.1313474087043316,2.3585241766647966,2.0,2.0
1107.0,1.0,1105.0,3.626420398839526,2.0
31.0,1.0,26.0,1.8415302442953636,2.0
715.0,4.0,364.0,618.0,731.0,783.0,1.7549288438375434,-4.211901513455351,-4.06986305233977,3.067332161523883,2.0,2.0,2.0,2.0
821.0,3.0,783.0,926.0,939.0,-3.8727461043567355,4.207828961493781,1.1052853411363661,2.0,2.0,2.0
170.0,2.0,121.0,724.0,2.605038003214435,-4.717165669210855,2.0,2.0
324.0,3.0,257.0,302.0,364.0,-1.2624194688397026,-4.425104718491127,1.648481042835333,2.0,2.0,2.0
865.0,3.0,783.0,870.0,910.0,-3.092623959968303,2.0020823456687142,3.4201720672418894,2.0,2.0,2.0
84.0,4.0,51.0,71.0,79.0,364.0,2.2477799819184074,-2.5928842488643675,1.8393749959004886,-1.7447720235213446,2.0,2.0,2.0,2.0
1003.0,2.0,1002.0,1012.0,3.968037216228505,4.5885834871277815,2.0,2.0
23.0,2.0,4.0,26.0,3.0873932870002867,2.6586477599620943,2.0,2.0
472.0,2.0,364.0,485.0,-1.8804154431236255,-3.49157612874301,2.0,2.0
720.0,1.0,719.0,-3.9138958621640594,2.0
793.0,1.0,783.0,1.850729635247315,2.0
857.0,1.0,783.0,-3.8369350558031625,2.0
478.0,1.0,465.0,3.9392550985222443,2.0
186.0,2.0,135.0,202.0,-4.132937753255252,-2.1535939893259757,2.0,2.0
708.0,4.0,364.0,618.0,731.0,783.0,1.9611692801206666,-4.052560921019172,-4.480728714028594,3.2482644430188765,2.0,2.0,2.0,2.0
588.0,1.0,586.0,1.4009337496964922,2.0
428.0,2.0,302.0,449.0,-2.378121843017249,-4.083491026274592,2.0,2.0
65.0,4.0,26.0,64.0,80.0,618.0,1.8923265305624732,-4.81099604606794,2.7885015144705094,4.385634689884512,2.0,2.0,2.0,2.0
527.0,1.0,504.0,1.563829906094775,2.0
912.0,4.0,724.0,783.0,875.0,888.0,-3.155508017284439,1.4583526787024228,3.160891219144763,3.5276165854257067,2.0,2.0,2.0,2.0
372.0,2.0,302.0,364.0,4.8173352615707685,2.407744961982763,2.0,2.0
219.0,3.0,188.0,226.0,364.0,-1.2834791127368335,-2.1711761257620754,-1.6094188227509219,2.0,2.0,2.0
656.0,6.0,364.0,618.0,724.0,783.0,926.0,939.0,1.1521787261402316,-4.826176418752969,3.668675282815294,-4.856801677819126,-3.125977113325231,-4.208274095582455,2.0,2.0,2.0,2.0,2.0,2.0
622.0,2.0,618.0,783.0,-3.6946130783385414,3.57689271171928,2.0,2.0
1110.0,1.0,1105.0,2.661579830038108,2.0
1026.0,1.0,1012.0,-1.4815495766640066,2.0
432.0,3.0,257.0,926.0,939.0,-2.945641795554662,2.7934767155919893,3.27138400591003,2.0,2.0,2.0
847.0,1.0,783.0,4.0431705146672074,2.0
597.0,3.0,566.0,926.0,939.0,-4.653134385468135,2.2201867934514463,3.231949602438531,2.0,2.0,2.0
334.0,3.0,257.0,302.0,364.0,-2.4581785039871464,-3.0042526913390084,2.505556620777405,2.0,2.0,2.0
872.0,4.0,724.0,783.0,875.0,888.0,-3.30998475226049,4.41094463157577,2.4008078078263058,2.0719547300176804,2.0,2.0,2.0,2.0
451.0,1.0,364.0,2.258293180017149,2.0
643.0,2.0,618.0,724.0,-4.342584150333902,-2.9338359926840933,2.0,2.0
489.0,5.0,302.0,364.0,926.0,939.0,1077.0,-1.8553413872063462,-4.084901851863641,1.048684627773035,2.29131815019235,1.9182697787677991,2.0,2.0,2.0,2.0,2.0
376.0,1.0,364.0,1.8497374451761641,2.0
194.0,1.0,188.0,-3.8262988250919157,2.0
445.0,3.0,257.0,618.0,888.0,-4.921942653876027,-1.3858034427895367,-4.453882596774343,2.0,2.0,2.0
27.0,3.0,4.0,26.0,302.0,-3.4483828908896856,3.4677359874990277,4.774992314058497,2.0,2.0,2.0
1058.0,5.0,926.0,939.0,1020.0,1077.0,1177.0,4.771357784844065,3.136624082343509,4.208591815951181,2.2916284253482075,-2.3829833803594584,2.0,2.0,2.0,2.0,2.0
625.0,1.0,618.0,-1.8394418954805678,2.0
632.0,1.0,618.0,-4.992091151032403,2.0
265.0,1.0,257.0,-1.640921865280573,2.0
1101.0,2.0,1097.0,1148.0,2.2502509938287103,1.8336560568084335,2.0,2.0
1080.0,1.0,1077.0,2.994557410960162,2.0
1010.0,5.0,926.0,939.0,1020.0,1077.0,1177.0,4.405293751528349,1.9422688020198993,4.032733879575511,3.5353004526208944,-4.820504137890255,2.0,2.0,2.0,2.0,2.0
631.0,2.0,618.0,783.0,-2.0202551412665577,4.002146613729665,2.0,2.0
316.0,1.0,302.0,-1.116760939395653,2.0
972.0,3.0,926.0,939.0,995.0,1.93447258007832,1.5674690389610344,-2.4472049566765572,2.0,2.0,2.0
760.0,1.0,719.0,-2.877537420580612,2.0
554.0,6.0,364.0,574.0,618.0,724.0,875.0,1020.0,-4.467443654637499,4.264603009065473,4.64580350140305,-2.1053486109481976,-2.478094160558598,-2.5195756151440696,2.0,2.0,2.0,2.0,2.0,2.0
562.0,6.0,364.0,574.0,618.0,724.0,875.0,1020.0,-3.2707709953473763,4.93199653966613,4.928991109153376,-4.970667973857065,-1.4744620734630636,-4.7530245478558495,2.0,2.0,2.0,2.0,2.0,2.0
1174.0,1.0,1148.0,-2.7974767118443085,2.0
303.0,3.0,257.0,302.0,303.0,3.7397377547342376,-3.6270478337633483,-4.4482503834048295,2.0,2.0,2.0
8.0,1.0,4.0,-4.5670920031283195,2.0
520.0,1.0,364.0,3.819792247691038,2.0
681.0,2.0,618.0,655.0,-2.0312867772341456,-3.9609799906998266,2.0,2.0
233.0,1.0,226.0,3.4895377142640194,2.0
981.0,3.0,926.0,939.0,995.0,4.099461796900751,1.121153640623627,-2.6277856010863574,2.0,2.0,2.0
290.0,1.0,257.0,-4.997111975688684,2.0
1028.0,1.0,1012.0,3.073351149813736,2.0
63.0,2.0,51.0,71.0,3.3046293376713476,3.368167725087356,2.0,2.0
254.0,1.0,251.0,-3.165523175028543,2.0
431.0,2.0,364.0,465.0,4.4637818742659086,2.765285880721643,2.0,2.0
1090.0,2.0,1088.0,1103.0,-3.1580077001097933,1.6340594023215962,2.0,2.0
1089.0,1.0,1077.0,4.058532043835401,2.0
210.0,1.0,202.0,2.4971847332836643,2.0
780.0,4.0,724.0,783.0,875.0,888.0,-3.975751282526966,4.868187167917292,4.499369447757355,3.2226505010896296,2.0,2.0,2.0,2.0
1062.0,6.0,573.0,1064.0,1113.0,1133.0,1141.0,1148.0,-4.559048543279056,1.2473791328931725,2.798777721237235,-2.138776265561722,-1.6194776626179164,-4.135346763368849,2.0,2.0,2.0,2.0,2.0,2.0
347.0,1.0,302.0,1.0055333999959966,2.0
207.0,1.0,188.0,-1.2334254359223547,2.0
100.0,5.0,51.0,71.0,79.0,82.0,108.0,2.4224509513998225,4.761727781011253,4.061301015227861,3.994654479402189,4.614878958983734,2.0,2.0,2.0,2.0,2.0
89.0,7.0,4.0,79.0,135.0,257.0,783.0,926.0,939.0,-4.490602621789581,2.094168139262543,-4.192187335650255,1.7425437772238088,-4.811166627887778,3.749953105551261,1.8620307084542338,2.0,2.0,2.0,2.0,2.0,2.0,2.0
982.0,4.0,926.0,939.0,1133.0,1141.0,1.178038508594482,1.991354587963079,1.7715228110317933,1.860730316968629,2.0,2.0,2.0,2.0
848.0,3.0,783.0,866.0,888.0,4.992795811378438,-2.1908917902224854,1.9080710871842315,2.0,2.0,2.0
209.0,2.0,80.0,1122.0,2.08974758186385,-2.516227584309714,2.0,2.0
710.0,5.0,576.0,618.0,719.0,926.0,939.0,-2.601878841176536,-3.7813858725581193,1.3714048522718718,1.6661682909152833,4.404793886860016,2.0,2.0,2.0,2.0,2.0
628.0,2.0,618.0,783.0,-1.197998977044271,1.407418460992866,2.0,2.0
664.0,5.0,576.0,618.0,719.0,926.0,939.0,-1.7919311997591794,-2.619094515828592,3.4051086902951053,4.08772346963584,2.652344503615545,2.0,2.0,2.0,2.0,2.0
836.0,1.0,783.0,4.542090549795509,2.0
1025.0,2.0,1020.0,1088.0,-2.8603671365750354,-4.33573867781641,2.0,2.0
689.0,2.0,618.0,783.0,2.8106141168227827,-3.8548710360045426,2.0,2.0
373.0,1.0,364.0,4.5901710585976225,2.0
649.0,2.0,618.0,783.0,-2.8348915544540105,4.269813054472665,2.0,2.0
918.0,5.0,888.0,910.0,926.0,939.0,1177.0,2.0279018366108064,2.06790359475436,4.165814919843718,3.4954669010754142,-2.758981247371392,2.0,2.0,2.0,2.0,2.0
1018.0,3.0,926.0,939.0,992.0,4.433592536186744,2.846557445275347,-2.469005650240682,2.0,2.0,2.0
687.0,6.0,611.0,633.0,926.0,939.0,1046.0,1069.0,-4.994106310833417,-1.5263039894645671,-3.961388786526368,-4.284060780497235,2.492218117220813,-1.787408218661255,2.0,2.0,2.0,2.0,2.0,2.0
911.0,5.0,888.0,910.0,926.0,939.0,1177.0,1.076928237406194,3.279488605259236,2.178600967818187,4.396114539742651,-3.5313986276598497,2.0,2.0,2.0,2.0,2.0
683.0,2.0,618.0,783.0,4.426269870677205,-3.8812770639475342,2.0,2.0
904.0,4.0,618.0,783.0,926.0,939.0,2.855578698637269,-3.735918445465901,-3.153473753876063,-3.289800872626224,2.0,2.0,2.0,2.0
416.0,1.0,364.0,-4.494227309163086,2.0
369.0,4.0,302.0,364.0,504.0,783.0,-1.1599712076028679,3.558820424300508,2.6332116333589792,2.5096262903555493,2.0,2.0,2.0,2.0
14.0,2.0,4.0,26.0,4.702386553170644,1.2841442327915478,2.0,2.0
805.0,2.0,783.0,1077.0,1.3242151545362462,2.9229655886410577,2.0,2.0
1067.0,1.0,1064.0,2.8443760012134294,2.0
1048.0,2.0,1046.0,1148.0,-2.684443035552323,2.0448758108136866,2.0,2.0
985.0,3.0,926.0,939.0,995.0,4.0549874687528575,1.245382144098571,-2.851044917877365,2.0,2.0,2.0
784.0,1.0,783.0,3.39832538549598,2.0
924.0,5.0,783.0,910.0,926.0,939.0,1177.0,2.5502686936941745,3.7467601192674445,4.979607629411853,3.9826663355000576,-3.544758196343378,2.0,2.0,2.0,2.0,2.0
661.0,2.0,618.0,655.0,-4.3479614611547355,-1.8872961220399844,2.0,2.0
831.0,3.0,783.0,866.0,888.0,4.711012317294816,-3.1485616763329625,1.369792720987891,2.0,2.0,2.0
443.0,3.0,257.0,618.0,888.0,-1.480480728653904,-2.3378949659844594,-1.7014882780609755,2.0,2.0,2.0
1169.0,1.0,1148.0,-4.707209903321324,2.0
1195.0,1.0,1177.0,-4.527307049089135,2.0
1109.0,1.0,1105.0,4.140265516468647,2.0
360.0,1.0,359.0,1.3014362763333613,2.0
509.0,2.0,302.0,783.0,3.8775562480158943,2.3999713745206757,2.0,2.0
358.0,2.0,302.0,1012.0,-4.272133223023354,1.4096550338096656,2.0,2.0
1137.0,2.0,1133.0,1141.0,3.3717852777458766,3.4497009963869374,2.0,2.0
332.0,3.0,257.0,302.0,364.0,-4.513489981519976,-3.7631391046261182,4.949395028295873,2.0,2.0,2.0
352.0,2.0,302.0,1148.0,-4.864589782508686,4.167518278523605,2.0,2.0
351.0,3.0,257.0,302.0,364.0,-4.780107107761566,-4.967561316618518,2.506965067843947,2.0,2.0,2.0
218.0,4.0,26.0,364.0,926.0,939.0,3.7983002408990054,-4.871862266416908,4.977603158590718,2.8072867306790386,2.0,2.0,2.0,2.0
24.0,2.0,4.0,364.0,-2.058222448418508,4.096934757736866,2.0,2.0
2.0,1.0,1.0,-3.860757465489678,2.0
1152.0,1.0,1148.0,-1.4672280286505615,2.0
465.0,2.0,257.0,756.0,3.911085092857672,-4.260797581257254,2.0,2.0
727.0,2.0,688.0,713.0,-2.231496391840093,-4.781723881566423,2.0,2.0
1013.0,1.0,910.0,3.6787396034213353,2.0
1163.0,1.0,1148.0,1.7180006755945212,2.0
694.0,4.0,618.0,684.0,926.0,939.0,-3.7379941860962704,2.669332568250383,2.532265438255078,2.5724896608936683,2.0,2.0,2.0,2.0
569.0,2.0,542.0,1148.0,-1.60492089989634,4.221849749619986,2.0,2.0
988.0,3.0,926.0,939.0,995.0,2.4354463151711814,4.635506204891221,-2.185029085003604,2.0,2.0,2.0
110.0,1.0,110.0,-4.497151866499788,2.0
814.0,1.0,783.0,2.3077689990967625,2.0
216.0,1.0,188.0,-3.535990790978643,2.0
1000.0,5.0,783.0,926.0,939.0,1004.0,1005.0,1.0984581121192982,3.479088337103911,2.0848661237246393,1.3953838075076175,2.611633778927572,2.0,2.0,2.0,2.0,2.0
92.0,1.0,80.0,2.0157665703801033,2.0
963.0,4.0,926.0,939.0,1133.0,1141.0,4.89914904293884,2.799446135630315,1.9085152675972945,2.166664533692013,2.0,2.0,2.0,2.0
1127.0,1.0,1122.0,-2.3503255013154862,2.0
434.0,1.0,364.0,2.9927182630517737,2.0
212.0,1.0,188.0,-1.687412396190572,2.0
1091.0,1.0,1088.0,-2.6381073260730643,2.0
1012.0,1.0,1012.0,-3.932437215387193,2.0
563.0,3.0,364.0,538.0,719.0,-1.9782784360822512,-2.832849039034448,-4.029626223286904,2.0,2.0,2.0
980.0,3.0,926.0,939.0,995.0,1.2146516251663564,3.349954098926893,-4.0904165745312095,2.0,2.0,2.0
534.0,1.0,475.0,1.811184164747981,2.0
1135.0,2.0,1122.0,1132.0,-1.516625587306232,1.2927891940999134,2.0,2.0
519.0,3.0,364.0,926.0,939.0,-4.164909724076449,-3.86057300810144,-3.23220494662905,2.0,2.0,2.0
951.0,3.0,926.0,939.0,995.0,3.00636588376307,4.517669848096672,-2.1000256028027344,2.0,2.0,2.0
153.0,1.0,107.0,4.027114570947557,2.0
892.0,1.0,888.0,-4.793187006633053,2.0
491.0,3.0,364.0,926.0,939.0,-3.947412646723142,-1.3907054697908965,-3.0596888077470736,2.0,2.0,2.0
1147.0,1.0,1145.0,4.027062423645612,2.0
744.0,2.0,719.0,1088.0,-4.302952754228386,-4.273688648727148,2.0,2.0
824.0,1.0,783.0,2.8320838523552117,2.0
1087.0,1.0,1064.0,3.643194241206163,2.0
548.0,2.0,364.0,783.0,-1.0723854328059006,3.362341516191735,2.0,2.0
1054.0,2.0,1033.0,1054.0,-3.0305418788710163,-1.6556396004390614,2.0,2.0
696.0,2.0,618.0,783.0,1.2141184808292724,-1.7264895785827532,2.0,2.0
577.0,1.0,475.0,4.91714527995671,2.0
123.0,2.0,83.0,104.0,2.0813116209548586,1.5259311971645104,2.0,2.0
794.0,2.0,783.0,1097.0,-2.906456914269304,1.4482875234996606,2.0,2.0
678.0,4.0,618.0,684.0,926.0,939.0,-3.754593267934854,1.16981795490209,3.0579213643581915,3.187472715225365,2.0,2.0,2.0,2.0
813.0,1.0,783.0,4.34930550432519,2.0
860.0,4.0,724.0,783.0,875.0,910.0,-2.502354249845837,2.4364260306132004,3.4664737742082963,4.601640586160718,2.0,2.0,2.0,2.0
499.0,3.0,364.0,566.0,618.0,1.0838002770709219,-2.6464620544550352,-2.9578345417387926,2.0,2.0,2.0
1060.0,2.0,1054.0,1076.0,-2.643662937192356,-1.4130128826638981,2.0,2.0
397.0,1.0,364.0,1.6918054170846255,2.0
